0  "NY54"
1  "CMBR"
2  "CHCG"
3  "CLEV"
4  "RLGH"
5  "ATLN"
6  "PHLA"
7  "WASH"
8  "NSVL"
9  "STLS"
10  "NWOR"
11  "HSTN"
12  "SNAN"
13  "DLLS"
14  "ORLD"
15  "DNVR"
16  "KSCY"
17  "SNFN"
18  "SCRM"
19  "PTLD"
20  "STTL"
21  "SLKC"
22  "LA03"
23  "SNDG"
24  "PHNX"
-1
0 1 1
0 2 1
0 6 1
0 7 1
1 6 1
2 3 1
2 6 1
2 9 1
2 15 1
2 16 1
2 17 1
2 20 1
2 21 1
3 8 1
3 9 1
3 6 1
4 5 1
4 7 1
5 7 1
5 8 1
5 9 1
5 13 1
5 14 1
6 7 1
8 9 1
8 13 1
9 13 1
9 16 1
9 22 1
10 11 1
10 13 1
10 14 1
11 12 1
11 13 1
11 14 1
12 24 1
12 13 1
13 15 1
13 16 1
13 17 1
13 22 1
15 16 1
15 17 1
15 21 1
16 17 1
17 18 1
17 19 1
17 20 1
17 21 1
17 22 1
18 21 1
19 20 1
21 22 1
22 23 1
22 24 1
22 24 1
23 24 1
