0  "Svizzera"
1  "CA"
2  "Global Crossing"
3  "GEANT"
4  "CA-1"
5  "NAMEX"
6  "AQ-1"
7  "SS"
8  "PA-2"
9  "Pv-1"
10  "RM-1"
11  "PG"
12  "CZ"
13  "TIX"
14  "BO"
15  "MI-3"
16  "VSIX"
17  "TS-1"
18  "NA"
19  "ME"
20  "CS"
21  "CT"
22  "PA"
23  "EUMED CONNECT"
24  "MIX"
25  "Level 3"
26  "BO-3"
27  "Cogent"
28  "FUC"
29  "FI"
30  "Fi"
31  "PD-2"
32  "BR"
33  "VE"
34  "PD"
35  "MI-1"
36  "TN"
37  "MI-2"
38  "MI-4"
39  "GE"
40  "TO"
41  "SA"
42  "PZ"
43  "CB"
44  "FRA"
45  "AQ"
46  "AN"
47  "MT"
48  "LE"
49  "BA"
50  "FG"
51  "Google"
52  "GEANT"
53  "BS"
54  "TO-PIX"
55  "RM-2"
56  "CO"
57  "Fe"
58  "Pv"
59  "PI"
60  "Ur"
-1
0 35 10
1 4 1
2 35 5
3 37 1
4 10 2.5
4 7 10
4 7 10
4 55 2.5
5 55 13
6 45 0.034
6 55 10
6 55 10
8 22 1
9 58 1
9 58 1
10 55 1
10 55 1
10 44 2.5
10 45 0.622
10 21 2.5
11 55 10
12 20 0.1
13 29 1
14 34 2.5
14 35 1
14 35 10
14 35 10
14 46 1
14 49 2.5
14 55 10
14 57 1
14 57 1
14 26 1
14 29 2.5
15 35 1
15 53 1
15 37 1
16 34 1
17 56 2.5
17 34 0.155
18 41 1
18 41 1
18 49 2.5
18 43 2.5
18 43 2.5
18 21 2.5
18 55 2.5
19 21 10
20 21 10
21 22 0.622
21 23 1
24 37 4
25 37 5
27 55 10
28 55 0.034
29 59 2.5
29 30 0.034
31 33 1
31 33 1
31 34 1
31 34 1
31 34 1
32 49 1
32 49 1
34 35 2.5
34 36 1
35 37 10
35 52 20
35 56 1
36 37 1
37 38 1
37 39 1
37 40 2.5
37 51 2
37 55 10
37 56 2.5
37 58 1
37 58 1
38 56 1
39 59 1
40 59 2.5
40 54 1
42 49 1
44 55 2.5
46 60 0.622
47 49 1
48 49 1
49 50 0.155
55 59 2.5
