0  "Svizzera"
1  "CA"
2  "Global Crossing"
3  "GEANT"
4  "CA-1"
5  "NAMEX"
6  "AQ-1"
7  "SS"
8  "PA-2"
9  "Pv-1"
10  "RM-1"
11  "PG"
12  "CZ"
13  "TIX"
14  "BO"
15  "MI-3"
16  "VSIX"
17  "TS-1"
18  "NA"
19  "ME"
20  "CS"
21  "CT"
22  "PA"
23  "EUMED CONNECT"
24  "MIX"
25  "Level 3"
26  "BO-3"
27  "FUC"
28  "FI"
29  "Fi"
30  "PD-2"
31  "VE"
32  "PD"
33  "MI-1"
34  "TN"
35  "MI-2"
36  "MI-4"
37  "GE"
38  "TO"
39  "SA"
40  "PZ"
41  "CB"
42  "FRA"
43  "AQ"
44  "AN"
45  "MT"
46  "LE"
47  "BA"
48  "FG"
49  "Google"
50  "GEANT"
51  "BS"
52  "TO-PIX"
53  "RM-2"
54  "CO"
55  "Fe"
56  "Pv"
57  "PI"
58  "Ur"
-1
0 33 10
1 4 1
2 33 5
3 35 1
4 10 2.5
4 53 2.5
4 7 10
4 7 10
5 53 13
6 43 0.034
6 53 0.155
8 22 1
9 56 1
9 56 1
10 42 2.5
10 43 0.622
10 44 0.155
10 21 2.5
10 53 1
10 53 1
11 53 10
12 20 0.1
13 28 1
14 32 2.5
14 33 10
14 33 10
14 33 1
14 44 1
14 47 2.5
14 53 10
14 55 1
14 55 1
14 26 1
14 28 2.5
15 33 1
15 51 1
15 35 1
16 32 1
17 32 0.155
17 54 2.5
18 41 2.5
18 41 2.5
18 53 2.5
18 47 2.5
18 21 2.5
18 39 1
18 39 1
19 21 10
20 21 10
21 22 0.622
21 23 1
24 35 4
25 35 5
27 53 0.034
28 57 2.5
28 29 0.034
30 32 1
30 32 1
30 32 1
30 31 1
30 31 1
32 33 2.5
32 34 1
33 35 10
33 50 20
33 54 1
34 35 1
35 36 1
35 37 1
35 38 2.5
35 49 2
35 53 10
35 54 2.5
35 56 1
35 56 1
36 54 1
37 57 1
38 57 2.5
38 52 1
40 47 1
42 53 2.5
44 58 0.622
45 47 0.622
46 47 1
47 48 0.155
53 57 2.5
