0  "Svizzera"
1  "CA"
2  "Global Crossing"
3  "GEANT"
4  "CA-1"
5  "NAMEX"
6  "AQ-1"
7  "SS"
8  "PA-2"
9  "Pv-1"
10  "RM-1"
11  "PG"
12  "CZ"
13  "TIX"
14  "BO"
15  "MI-3"
16  "VSIX"
17  "TS-1"
18  "NA"
19  "ME"
20  "CS"
21  "CT"
22  "PA"
23  "EUMED CONNECT"
24  "MIX"
25  "Level 3"
26  "BO-3"
27  "Cogent"
28  "FUC"
29  "FI"
30  "Fi"
31  "PD-2"
32  "VE"
33  "PD"
34  "MI-1"
35  "TN"
36  "MI-2"
37  "MI-4"
38  "GE"
39  "TO"
40  "SA"
41  "PZ"
42  "CB"
43  "FRA"
44  "AQ"
45  "AN"
46  "MT"
47  "LE"
48  "BA"
49  "FG"
50  "Google"
51  "GEANT"
52  "BS"
53  "TO-PIX"
54  "RM-2"
55  "CO"
56  "Fe"
57  "Pv"
58  "PI"
59  "Ur"
-1
0 34 10
1 4 1
2 34 5
3 36 1
4 10 2.5
4 54 2.5
4 7 10
4 7 10
5 54 13
6 44 0.034
6 54 10
6 54 10
8 22 1
9 57 1
9 57 1
10 43 2.5
10 44 0.622
10 21 2.5
10 54 1
10 54 1
11 54 10
12 20 0.1
13 29 1
14 33 2.5
14 34 1
14 34 10
14 34 10
14 45 1
14 48 2.5
14 54 10
14 56 1
14 56 1
14 26 1
14 29 2.5
15 36 1
15 34 1
15 52 1
16 33 1
17 33 0.155
17 55 2.5
18 40 1
18 40 1
18 48 2.5
18 42 2.5
18 42 2.5
18 21 2.5
18 54 2.5
19 21 10
20 21 10
21 22 0.622
21 23 1
24 36 4
25 36 5
27 54 10
28 54 0.034
29 58 2.5
29 30 0.034
31 32 1
31 32 1
31 33 1
31 33 1
31 33 1
33 34 2.5
33 35 1
34 36 10
34 51 20
34 55 1
35 36 1
36 37 1
36 38 1
36 39 2.5
36 50 2
36 54 10
36 55 2.5
36 57 1
36 57 1
37 55 1
38 58 1
39 58 2.5
39 53 1
41 48 1
43 54 2.5
45 59 0.622
46 48 1
47 48 1
48 49 0.155
54 58 2.5
