0  "Svizzera"
1  "CA"
2  "Global Crossing"
3  "GEANT"
4  "CA-1"
5  "NAMEX"
6  "AQ-1"
7  "SS"
8  "PA-2"
9  "Pv-1"
10  "RM-1"
11  "PG"
12  "CZ"
13  "TIX"
14  "BO"
15  "MI-3"
16  "VSIX"
17  "TS-1"
18  "NA"
19  "ME"
20  "CS"
21  "CT"
22  "PA"
23  "EUMED CONNECT"
24  "MIX"
25  "TELIA"
26  "FUC"
27  "FI"
28  "Fi"
29  "PD-2"
30  "VE"
31  "PD"
32  "MI-1"
33  "TN"
34  "MI-2"
35  "MI-4"
36  "GE"
37  "TO"
38  "SA"
39  "PZ"
40  "CB"
41  "FRA"
42  "AQ"
43  "AN"
44  "MT"
45  "LE"
46  "BA"
47  "FG"
48  "Google"
49  "GEANT"
50  "BS"
51  "TO-PIX"
52  "RM-2"
53  "CO"
54  "Fe"
55  "Pv"
56  "PI"
57  "Ur"
-1
0 32 10
1 4 1
2 32 5
3 34 1
4 10 2.5
4 52 2.5
4 7 0.622
5 52 13
6 42 0.034
6 52 0.155
8 22 1
9 55 1
9 55 1
10 43 0.155
10 41 2.5
10 42 0.622
10 11 0.155
10 52 1
10 52 1
10 21 2.5
12 20 0.1
13 27 1
14 32 1
14 32 10
14 32 10
14 43 1
14 46 2.5
14 52 10
14 54 1
14 54 1
14 27 2.5
14 31 2.5
15 32 1
15 33 0.155
15 33 0.155
15 50 1
15 34 1
16 31 1
17 53 2.5
17 31 0.155
18 40 0.034
18 46 2.5
18 52 2.5
18 21 2.5
18 38 0.155
18 38 0.155
19 21 0.155
20 21 0.155
21 22 0.622
21 23 1
24 34 4
25 34 5
26 52 0.034
27 56 2.5
27 28 0.034
29 31 1
29 31 1
30 31 0.622
31 32 2.5
32 34 10
32 49 20
32 53 1
34 36 1
34 37 2.5
34 48 2
34 35 1
34 52 10
34 53 2.5
34 55 1
34 55 1
35 53 1
36 56 1
37 56 2.5
37 51 1
39 46 0.622
41 52 2.5
43 57 0.622
44 46 0.622
45 46 0.622
46 47 0.155
52 56 2.5
