0  "Svizzera"
1  "CA"
2  "Global Crossing"
3  "GEANT"
4  "CA-1"
5  "NAMEX"
6  "AQ-1"
7  "SS"
8  "RM-1"
9  "PG"
10  "CZ"
11  "TIX"
12  "BO"
13  "MI-3"
14  "VSIX"
15  "TS-1"
16  "NA"
17  "ME"
18  "CS"
19  "CT"
20  "PA"
21  "EUMED CONNECT"
22  "MIX    "
23  "TELIA"
24  "FI"
25  "Fi"
26  "VE"
27  "PD"
28  "MI-1"
29  "TN"
30  "MI-2"
31  "CO"
32  "GE"
33  "TO"
34  "SA"
35  "PZ"
36  "CB"
37  "FRA"
38  "AQ"
39  "AN"
40  "MT"
41  "LE"
42  "BA"
43  "FG"
44  "Google"
45  "GEANT"
46  "MI-5"
47  "TO-PIX"
48  "RM-2"
49  "Mi-4"
50  "Fe"
51  "Pv"
52  "PI"
53  "Ur"
-1
0 28 1
1 4 1
2 28 5
3 30 2.5
4 8 2.5
4 7 0.622
4 48 2.5
5 48 13
6 48 0.155
6 38 0.034
8 37 2.5
8 38 0.622
8 39 0.155
8 9 0.155
8 48 1
8 48 1
8 19 2.5
10 18 0.1
11 24 1
12 39 1
12 42 2.5
12 48 10
12 50 0.155
12 24 2.5
12 27 2.5
12 28 10
12 28 10
13 30 1
13 51 1
13 28 1
13 29 0.155
13 46 1
14 27 1
15 49 2.5
15 27 0.155
16 48 2.5
16 34 0.155
16 34 0.155
16 19 2.5
16 36 0.034
16 42 2.5
17 19 0.155
18 19 0.155
19 20 0.622
19 21 1
22 30 4
23 30 5
24 25 0.034
24 52 2.5
26 27 0.622
27 28 2.5
28 45 10
28 49 1
28 30 10
30 32 0.155
30 33 2.5
30 44 2
30 48 10
30 49 2.5
30 31 1
31 49 1
32 52 0.155
33 52 2.5
33 47 1
35 42 0.622
37 48 2.5
39 53 0.622
40 42 0.622
41 42 0.622
42 43 0.155
48 52 2.5
