0  "CZ"
1  "CH"
2  "FR"
3  "DE"
4  "PT"
5  "SK"
6  "IT"
7  "ES"
8  "HU"
9  "AT"
10  "RO"
11  "BG"
12  "HR"
13  "SL"
14  "IL"
15  "CY"
16  "GR"
17  "BE"
18  "LU"
19  "IE"
20  "UK"
21  "SE"
22  "EE"
23  "LV"
24  "LT"
25  "PL"
26  "NL"
-1
0 25 2.5
0 3 10
0 5 2.5
1 9 10
1 2 10
1 6 10
2 3 10
2 7 2.5
2 17 2.5
2 18 0.155
2 20 10
3 6 10
3 9 2.5
3 16 0.622
3 19 0.155
3 21 10
3 26 2.5
4 7 0.622
5 8 2.5
6 7 2.5
8 9 2.5
8 10 0.034
8 13 0.155
9 12 0.034
9 13 0.622
11 16 0.034
14 20 0.045
15 16 0.034
16 20 0.622
17 18 0.155
17 26 2.5
19 20 0.155
20 21 10
20 26 2.5
21 22 0.155
21 23 0.034
21 24 0.045
21 25 2.5
