0  "NL"
1  "BE"
2  "DK"
3  "PL"
4  "DE"
5  "CZ"
6  "LU"
7  "FR"
8  "CH"
9  "IT"
10  "GR"
11  "CY"
12  "IL"
13  "MT"
14  "TR"
15  "RO"
16  "HU"
17  "SK"
18  "PT"
19  "ES"
20  "BG"
21  "HR"
22  "SL"
23  "AT"
24  "LT"
25  "RU"
26  "IS"
27  "IE"
28  "UK"
29  "NO"
30  "SE"
31  "FI"
32  "EE"
33  "LV"
-1
0 1 10
0 2 10
0 4 10
0 13 0.045
1 28 10
2 32 10
2 4 10
2 25 2.5
2 26 0.31
2 29 10
2 30 10
3 24 10
3 4 10
3 5 10
4 5 10
4 6 10
4 8 10
4 12 2.5
4 23 10
4 25 2.5
5 17 10
6 7 10
7 8 10
7 19 10
7 28 10
8 9 10
8 19 10
9 10 10
9 11 0.155
9 13 0.045
9 19 10
9 23 10
10 11 0.155
10 20 10
10 23 10
14 20 2.5
14 15 2.5
15 16 10
15 20 10
16 17 10
16 20 10
16 21 10
17 23 10
18 19 10
18 28 2.5
21 22 10
22 23 10
24 33 10
27 28 10
29 30 10
30 31 10
32 33 10
