0  "Santa Elena"
1  "Manaus"
2  "Bogota"
3  "Boa Vista"
4  "1"
5  "Belem"
6  "Sao Luis"
7  "Teresina"
8  "Florianopolois"
9  "12"
10  "Fortaleza"
11  "Natal"
12  "9"
13  "14"
14  "Campo Grande"
15  "15"
16  "Rondonopolis"
17  "19"
18  "3"
19  "Brasilia"
20  "4"
21  "Goiania"
22  "Palmas"
23  "21"
24  "Cuiaba"
25  "20"
26  "Porto Alegre"
27  "Pelotas"
28  "10"
29  "16"
30  "8"
31  "None"
32  "None"
33  "None"
34  "11"
35  "Rio Branco"
36  "Porto Velho"
37  "18"
38  "6"
39  "Rio de Janeiro"
40  "Sao Paulo"
41  "17"
42  "6"
43  "Curitiba"
44  "7"
45  "22"
46  "Campinas"
47  "Maceio"
48  "2"
49  "Recife"
50  "Joao Pessoa"
51  "23"
52  "Vitoria"
53  "Salvador"
54  "Aracaju"
55  "Miami"
56  "None"
57  "Medellin"
58  "Cali"
59  "St David's"
60  "New York"
61  "Tuckerton"
62  "Boca Raton"
63  "13"
64  "Maiquetia"
65  "Caracas"
66  "Cucuta"
-1
0 65 1
0 65 1
0 3 1
1 3 1
2 58 1
2 66 1
4 48 1
4 33 1
4 7 1
5 6 1
5 7 1
6 33 1
8 9 1
8 26 1
8 43 1
8 63 1
9 26 1
9 26 1
9 12 1
9 63 1
10 64 1
10 33 1
10 39 1
10 39 1
10 11 1
10 48 1
10 59 1
11 50 1
12 34 1
12 13 1
12 14 1
13 28 1
13 30 1
14 16 1
15 29 1
15 38 1
16 17 1
16 23 1
16 23 1
17 34 1
17 38 1
17 38 1
18 19 1
19 20 1
19 34 1
19 46 1
19 37 1
20 22 1
21 34 1
21 22 1
23 24 1
23 24 1
24 25 1
25 36 1
26 27 1
26 63 1
28 43 1
29 34 1
29 43 1
29 30 1
29 30 1
30 44 1
31 51 1
31 52 1
31 53 1
32 52 1
32 53 1
32 53 1
34 37 1
35 36 1
37 38 1
37 45 1
37 46 1
38 46 1
39 56 1
39 51 1
39 42 1
39 42 1
39 46 1
39 46 1
40 41 1
41 42 1
42 43 1
42 43 1
42 46 1
42 46 1
43 44 1
43 63 1
43 63 1
45 46 1
46 53 1
47 49 1
47 54 1
48 49 1
48 53 1
48 53 1
49 50 1
51 56 1
52 56 1
53 54 1
55 62 1
55 62 1
57 58 1
57 66 1
59 61 1
60 61 1
60 61 1
61 62 1
62 64 1
64 65 1
64 65 1
65 66 1
65 66 1