0  "Houston"
1  "Pompano Beach"
2  "Austell"
3  "Dallas"
4  "Charlton"
5  "New York"
6  "Los Angeles"
7  "Rialto"
8  "West Orange"
9  "Washington, DC"
10  "Greensboro"
11  "Seattle"
12  "San Francisco"
13  "Sacramento"
14  "Denver"
15  "Independence"
16  "Willow Springs"
17  "Downers Grove"
18  "North Royalton"
-1
0 1 0.045
0 3 0.045
0 3 0.045
1 2 0.045
1 2 0.045
2 7 0.155
2 10 0.045
2 3 0.155
2 9 0.622
3 16 0.155
3 7 0.155
3 15 0.045
4 8 0.045
4 8 0.045
4 9 0.045
4 5 0.045
4 16 0.045
5 8 0.045
5 8 0.045
6 12 0.045
6 7 0.045
6 7 0.045
7 12 0.155
7 12 0.155
8 9 0.155
8 9 0.155
8 14 0.155
8 16 0.155
8 18 0.045
8 18 0.045
9 16 0.155
9 10 0.045
11 12 0.155
11 12 0.155
11 14 0.045
12 13 0.045
12 13 0.045
12 14 0.155
12 14 0.155
14 16 0.155
14 15 0.045
15 16 0.045
16 17 0.045
16 17 0.045
17 18 0.155
