100 2907
1 6 80
90 65 65
63 61 49
57 35 16
47 100 97
49 1 42
97 42 76
92 40 50
11 45 35
5 4 27
26 86 29
81 32 47
83 24 73
78 63 51
3 14 30
39 29 19
71 34 37
37 82 56
13 61 56
36 24 59
60 85 43
94 71 12
3 35 30
61 82 8
1 94 21
59 11 100
91 16 71
56 85 70
25 93 22
7 77 70
22 77 24
53 96 95
78 68 72
65 59 80
8 95 28
12 95 72
33 15 44
57 56 9
96 51 45
79 2 11
96 45 18
17 62 76
100 27 83
96 94 31
59 92 37
42 17 75
68 62 48
57 37 86
80 14 32
48 40 38
17 100 88
62 45 39
1 58 56
47 40 28
98 45 11
76 48 30
58 72 44
14 38 69
27 94 27
99 33 65
19 73 90
66 28 17
72 64 2
83 41 9
3 55 66
39 51 56
1 100 12
42 55 89
5 72 48
37 56 15
35 59 78
25 53 69
98 97 26
62 78 6
46 39 33
58 53 25
67 61 36
62 43 86
94 33 38
25 79 35
97 74 67
64 29 9
50 69 44
47 31 87
23 92 3
87 25 8
96 32 31
59 37 58
86 60 48
76 45 29
77 76 76
41 52 33
39 50 38
22 19 34
8 41 57
76 61 43
77 34 5
2 70 93
97 95 11
79 1 24
85 92 12
13 62 8
10 71 29
44 84 20
79 87 68
10 86 71
43 58 59
56 11 60
34 16 92
44 24 47
97 7 44
93 27 96
58 90 22
56 76 94
33 84 16
21 87 93
100 96 85
84 40 85
6 51 21
83 36 79
34 94 9
96 84 57
50 10 38
92 95 26
2 80 75
68 57 77
2 5 8
76 68 68
64 86 51
97 83 95
95 3 57
69 37 51
30 47 50
71 44 10
33 27 55
87 12 93
67 87 75
80 78 11
82 28 75
86 93 4
62 23 40
52 73 87
7 76 54
32 42 28
58 31 1
57 69 43
6 69 29
90 8 34
79 21 65
44 95 17
48 60 62
69 78 13
26 16 55
82 95 58
94 11 33
7 34 79
69 84 16
15 1 1
17 65 81
73 27 90
82 1 35
34 38 39
63 37 11
86 32 47
36 13 32
35 41 57
13 6 20
48 34 24
57 44 82
33 29 72
95 34 29
2 76 44
70 71 52
58 29 30
8 34 97
57 12 36
88 54 73
7 18 34
6 19 27
11 12 26
12 96 58
48 100 49
5 48 30
50 49 56
41 16 44
60 95 74
71 69 7
86 97 46
39 68 82
6 9 66
41 45 16
69 98 95
81 18 35
76 6 25
87 70 42
22 59 28
50 1 32
17 84 92
14 100 79
86 52 21
94 26 40
16 44 11
76 44 99
91 49 35
96 59 34
24 51 85
100 81 46
5 93 82
23 88 27
9 5 79
82 65 72
34 36 86
75 100 53
43 1 69
9 87 26
3 85 96
99 7 43
10 89 79
35 21 18
87 63 88
75 41 31
17 6 24
42 15 21
14 71 21
46 28 51
65 32 91
25 59 66
79 94 65
48 1 26
18 45 71
12 63 89
11 60 63
75 36 78
51 88 57
46 27 66
78 2 63
60 73 70
62 49 44
16 10 95
32 25 31
67 83 16
95 26 83
90 17 45
15 65 76
12 38 21
75 39 8
39 55 39
39 100 100
36 31 49
71 63 77
86 8 71
28 38 53
32 30 35
47 56 8
84 27 50
29 81 45
99 15 100
87 7 45
13 66 32
94 87 36
44 60 91
46 45 24
72 43 90
90 11 60
71 52 31
49 25 84
65 85 69
41 5 100
2 75 24
14 83 52
92 22 21
75 38 50
70 53 20
75 4 41
57 55 62
84 41 89
54 25 40
51 11 57
89 82 2
19 44 88
48 52 86
13 91 92
39 61 67
48 25 58
78 58 20
6 41 62
92 41 89
90 34 92
75 98 34
52 24 50
56 65 12
29 74 18
79 48 86
24 8 22
81 57 89
93 46 74
31 28 71
8 44 46
1 12 3
59 2 41
47 2 44
11 6 3
7 48 94
62 83 66
61 95 71
71 58 71
85 99 32
90 88 41
66 79 3
25 82 99
78 51 89
98 94 53
52 9 38
9 78 70
27 58 71
32 15 32
16 22 68
64 44 55
35 94 70
30 72 97
74 35 37
18 51 74
91 64 26
29 88 88
24 81 35
65 62 98
67 6 94
17 41 34
48 82 16
96 42 66
83 33 62
30 46 59
10 41 5
76 84 62
82 98 26
70 47 20
32 61 87
4 88 90
69 10 47
60 9 2
81 25 80
1 17 90
30 34 42
13 74 58
52 59 92
24 80 94
57 31 77
64 40 76
84 19 76
47 6 63
72 69 5
91 74 36
21 95 67
18 78 22
9 11 25
96 10 20
90 79 7
72 33 52
65 55 73
69 68 23
88 93 98
83 56 1
88 75 49
20 34 78
34 24 55
33 21 41
41 23 58
53 79 68
32 75 47
97 96 57
94 54 43
84 70 9
15 9 100
3 72 82
68 15 62
19 29 7
95 38 85
99 98 65
34 42 35
57 50 87
74 79 55
96 24 53
55 11 9
81 39 6
97 91 24
49 71 80
68 29 80
61 38 88
2 84 3
40 16 41
48 62 57
68 34 46
56 23 39
11 85 75
47 46 58
44 7 17
30 13 60
34 54 76
39 89 99
21 92 42
87 69 24
30 35 66
80 81 97
25 51 9
17 23 23
5 53 72
2 91 61
69 18 74
32 56 59
60 83 12
75 45 77
13 31 35
13 69 4
88 56 62
60 49 49
66 78 26
25 95 77
13 26 73
44 25 65
63 38 91
37 83 3
77 88 21
56 19 44
25 92 84
39 64 68
75 65 38
83 91 25
41 21 74
37 30 66
83 35 71
17 63 20
13 23 74
24 19 53
47 32 4
85 17 83
26 14 10
52 70 19
20 22 59
6 82 13
48 9 46
92 80 45
81 64 24
51 74 80
16 48 38
90 45 91
91 57 54
68 72 62
85 28 44
36 44 92
35 87 45
57 58 37
10 57 17
37 13 75
43 83 85
93 84 87
1 7 18
29 80 37
12 73 38
67 47 49
2 86 16
27 7 40
67 84 30
74 94 65
15 44 27
48 6 8
75 89 20
24 11 60
54 38 61
66 41 49
7 8 27
57 41 47
81 98 24
30 85 37
86 76 85
48 17 2
33 43 96
100 62 18
95 87 23
28 14 66
33 53 8
3 17 13
36 65 9
79 33 14
44 32 22
95 20 1
48 55 10
50 16 82
92 84 44
22 42 41
19 46 59
21 31 53
80 15 56
61 75 73
4 14 47
48 39 34
16 61 45
93 82 55
78 34 3
57 72 47
53 28 45
68 31 31
21 82 50
69 1 56
62 70 87
10 43 57
64 96 46
55 34 69
6 90 82
78 32 40
50 93 74
47 18 65
36 84 97
90 86 47
26 92 97
78 3 70
45 80 80
23 14 29
37 78 66
22 34 63
19 1 15
64 26 29
76 97 77
42 73 73
55 41 22
21 80 97
10 18 35
1 87 46
49 9 55
74 20 90
22 99 57
12 6 57
60 64 66
91 19 92
10 100 84
32 9 89
54 60 46
71 17 79
62 90 33
43 93 34
69 58 47
29 41 69
84 71 73
64 97 65
94 99 91
98 40 16
27 12 57
68 26 29
64 36 95
95 42 82
58 98 56
33 42 99
74 36 50
6 54 39
50 91 5
17 58 86
29 5 64
10 63 99
77 78 100
99 14 33
14 64 53
13 63 60
23 91 20
66 23 73
62 82 14
32 16 64
75 64 45
42 38 90
28 7 59
23 10 37
54 91 96
8 98 20
66 84 14
68 59 7
62 84 97
100 33 12
31 78 20
8 19 65
68 36 36
29 65 65
31 100 81
39 66 27
17 77 11
77 53 75
73 14 65
63 95 1
36 90 64
19 7 4
97 22 64
51 67 57
78 19 47
15 7 39
91 92 81
81 36 52
89 3 8
10 67 4
28 34 98
89 29 54
33 76 16
37 70 75
78 81 66
93 17 6
93 22 73
75 3 11
45 85 55
7 22 22
68 8 92
72 42 6
38 18 90
62 73 78
31 37 56
68 94 66
51 38 93
82 31 16
57 78 47
30 10 82
89 41 23
84 54 26
100 34 70
3 28 15
25 80 92
3 65 26
1 97 31
66 49 29
66 54 9
41 70 1
94 59 80
29 12 16
37 48 36
32 45 48
54 1 82
28 33 27
33 2 21
79 8 73
79 23 9
20 14 18
38 44 1
51 93 48
84 63 58
11 65 70
39 49 92
63 11 99
5 67 16
96 65 31
83 15 46
99 10 59
89 62 76
68 70 86
84 15 100
75 77 12
77 65 96
91 42 78
54 35 19
82 26 40
13 4 45
72 97 4
52 42 5
13 85 54
79 89 67
47 36 71
37 58 93
14 11 90
82 9 67
15 29 45
85 98 98
47 94 76
96 81 93
73 3 41
26 60 17
24 65 94
8 57 8
58 11 31
66 17 98
6 73 23
83 34 98
86 21 73
20 51 18
86 19 33
90 83 7
48 19 24
60 8 78
70 18 95
52 78 5
11 54 87
92 43 34
31 94 31
95 65 37
33 81 33
38 92 80
68 28 54
85 90 21
27 61 23
63 76 12
6 57 30
93 34 92
32 50 8
3 76 3
46 22 93
17 46 53
69 24 60
83 19 91
23 80 48
92 6 17
67 82 99
71 45 94
71 77 60
37 29 19
12 2 99
46 54 52
12 17 48
41 2 88
4 33 53
66 100 1
44 28 24
42 53 73
62 60 95
38 62 77
41 11 15
81 34 33
30 51 12
84 60 31
100 87 72
4 47 1
2 54 36
47 15 55
75 80 64
77 9 44
69 8 97
55 95 2
35 24 20
54 63 45
6 77 32
81 54 74
21 71 100
74 86 56
52 18 81
27 62 50
30 84 45
5 58 4
96 98 58
19 27 37
55 84 79
52 90 9
20 72 64
68 56 23
32 2 20
89 21 88
11 66 46
73 45 57
17 76 49
34 13 42
62 41 91
58 47 51
97 49 2
23 44 40
52 83 71
20 33 76
77 51 41
61 57 83
41 30 7
42 51 23
81 91 16
23 9 90
95 5 39
77 47 79
60 31 28
67 31 18
86 11 70
59 30 42
55 38 30
89 63 92
48 93 12
58 49 73
62 32 86
81 52 96
30 87 20
91 53 38
96 82 36
98 39 94
35 84 84
61 72 89
43 40 61
34 9 59
6 88 34
97 51 95
84 28 37
79 10 52
94 50 53
17 26 12
49 3 45
47 20 61
55 78 71
54 15 29
72 85 17
14 19 64
70 35 45
79 88 61
2 8 26
87 43 81
36 37 55
94 66 21
53 48 95
75 42 39
1 78 59
54 52 7
46 56 32
53 62 58
31 4 77
12 74 10
11 23 73
1 95 44
85 1 16
100 26 23
64 37 88
52 10 97
29 82 25
50 46 82
4 17 85
95 88 55
83 85 49
68 93 46
96 70 8
93 41 22
49 72 35
89 34 48
38 98 73
35 28 10
87 38 17
17 9 43
5 44 98
78 92 81
66 46 10
65 35 44
35 81 71
63 72 12
22 57 44
63 15 21
2 93 51
19 100 94
13 82 9
1 51 40
22 5 73
91 63 68
50 14 62
63 7 89
75 58 70
61 46 33
67 54 11
98 14 28
73 1 96
70 89 48
34 37 71
72 56 47
35 82 84
67 75 87
15 45 46
25 91 22
99 97 53
60 30 63
96 17 49
37 15 24
45 60 47
87 91 63
69 26 13
6 60 37
21 2 65
98 20 57
84 31 51
45 22 23
18 67 7
14 21 23
81 51 61
18 58 81
99 21 16
25 56 13
59 82 49
28 9 42
70 9 66
72 66 46
81 26 56
41 38 80
29 83 50
42 94 3
13 22 45
75 86 100
8 25 36
24 29 96
41 73 29
12 10 84
58 86 38
42 79 60
59 98 98
71 90 75
93 72 50
90 81 78
66 76 94
35 77 80
71 66 49
55 23 78
15 70 90
11 44 56
86 37 19
15 24 2
40 91 91
34 50 76
71 42 20
27 70 6
65 68 27
10 58 14
79 50 25
4 60 88
55 91 84
42 49 32
43 66 85
18 61 33
12 42 79
92 39 24
3 15 54
81 75 73
67 77 75
22 60 100
77 57 50
45 91 72
95 27 91
80 74 36
5 91 31
51 12 48
97 73 4
79 78 1
65 25 8
10 34 88
93 20 37
6 64 92
17 69 87
99 2 70
79 37 29
89 14 16
99 70 64
86 80 81
39 11 2
99 56 88
38 60 87
29 51 2
21 13 31
9 37 52
93 99 90
97 30 97
20 50 54
55 2 79
36 53 68
66 87 10
25 70 84
23 59 1
100 95 68
50 68 42
68 98 97
99 8 56
6 100 85
66 70 14
21 85 9
27 47 77
11 75 74
16 6 56
98 21 65
4 12 99
2 90 68
51 59 76
54 18 68
23 49 25
85 82 52
52 77 14
31 62 99
64 7 75
82 60 45
85 68 58
44 21 69
94 18 23
54 72 57
47 52 99
12 41 48
79 7 42
38 83 29
100 57 46
98 48 42
62 91 88
1 20 38
100 76 40
21 29 62
44 81 89
55 12 100
75 37 4
18 49 47
24 97 75
74 58 34
86 29 16
37 55 5
100 7 22
48 8 66
67 33 75
17 20 65
19 57 21
72 37 63
98 55 80
83 51 90
68 100 75
46 90 89
78 26 47
77 3 45
15 16 66
87 53 84
58 36 43
21 63 79
18 79 67
31 72 38
89 74 3
5 20 11
10 74 8
19 72 65
44 63 24
50 64 47
22 66 61
28 22 79
23 47 37
31 35 74
55 74 30
62 12 32
95 69 14
64 95 28
37 8 93
80 32 64
88 35 54
67 29 12
25 86 39
73 39 61
91 11 19
2 9 21
69 79 42
32 20 6
80 63 36
62 76 69
4 62 80
70 42 75
90 47 17
94 30 96
81 85 39
72 99 98
42 77 70
84 52 32
79 3 40
56 45 82
91 86 4
13 95 40
64 79 56
8 21 4
16 96 1
49 8 97
99 91 100
10 49 60
54 36 79
79 5 20
44 41 90
52 32 64
71 1 90
24 10 47
55 43 91
69 91 32
78 72 51
44 39 53
31 76 60
24 59 39
98 15 91
32 68 65
11 52 16
22 18 43
69 40 2
85 36 52
60 50 18
89 97 6
26 66 59
81 20 77
71 19 23
89 35 63
83 61 10
94 70 56
61 100 17
96 62 22
52 23 31
71 76 30
80 64 73
36 50 27
52 26 60
82 72 58
79 95 37
7 83 96
16 18 77
66 32 95
90 69 29
17 61 46
60 91 15
40 99 94
98 64 68
63 33 54
71 51 44
56 96 19
16 2 12
31 41 45
87 2 31
19 61 78
27 5 82
12 84 7
53 54 96
92 9 26
2 26 30
90 31 21
93 87 27
75 95 5
65 5 73
80 98 49
31 61 58
67 76 18
42 31 8
80 22 80
32 60 98
56 9 43
8 14 4
59 60 17
10 26 52
69 15 98
7 5 59
64 54 64
92 55 62
75 82 90
26 70 29
80 89 72
3 96 74
40 22 69
3 53 56
55 28 37
94 22 73
29 13 36
19 49 19
20 60 77
47 55 2
41 95 63
18 76 70
37 2 80
2 74 10
87 58 63
82 2 19
27 4 84
14 68 87
4 56 2
7 81 12
13 3 39
7 9 55
75 14 98
12 77 65
73 28 47
47 42 55
1 14 29
54 50 100
71 78 19
12 89 46
39 19 62
58 93 9
60 19 73
87 78 58
11 72 8
38 25 49
66 3 45
94 63 13
74 71 73
4 35 39
76 98 22
100 55 72
22 53 35
86 40 35
49 87 40
90 87 53
3 47 44
12 16 37
69 54 96
14 60 75
80 30 46
84 78 9
67 26 81
24 64 53
70 33 65
74 56 44
100 90 10
45 1 39
86 36 58
80 4 59
14 92 47
67 62 7
47 37 49
28 48 13
32 48 66
14 63 84
64 27 80
25 18 4
93 76 65
9 98 53
1 64 94
84 7 87
37 25 45
95 76 98
50 95 5
73 58 32
81 10 20
3 7 80
87 42 19
6 78 95
99 25 51
87 37 1
89 13 85
25 20 89
4 39 13
40 25 39
12 81 54
59 58 90
59 91 84
74 85 79
79 75 41
98 19 53
59 13 97
19 31 48
78 46 46
19 41 7
76 26 63
29 93 36
91 7 29
32 8 33
17 87 35
77 45 26
42 59 24
22 63 38
96 71 59
17 40 98
40 85 81
46 87 96
23 27 1
79 82 12
38 65 74
33 11 39
11 7 16
95 59 55
15 95 32
93 62 44
35 37 70
50 86 40
47 7 85
62 28 69
57 20 68
50 26 22
48 29 6
17 83 92
60 35 94
38 59 48
30 1 89
63 67 58
31 46 28
76 1 51
96 29 92
43 99 77
48 73 60
19 79 89
40 23 13
56 100 69
94 52 60
87 39 1
35 19 42
52 79 57
37 43 67
55 52 37
59 16 8
83 70 95
3 84 57
40 83 94
85 2 49
12 8 86
32 11 66
98 57 41
69 100 57
15 60 24
21 57 24
57 93 58
2 27 62
44 67 82
22 35 1
36 42 89
18 97 76
21 78 5
72 98 26
60 68 87
72 34 76
57 83 95
55 53 58
57 75 27
83 78 44
76 30 50
58 7 13
82 70 74
17 79 92
42 19 28
31 40 9
89 72 31
49 57 28
55 35 53
56 48 28
88 61 85
81 66 66
8 45 27
16 30 89
60 77 93
77 30 77
27 80 86
16 43 22
77 96 90
92 56 36
88 71 28
77 24 68
28 98 14
99 58 94
1 13 36
77 90 42
36 26 51
14 74 24
47 83 75
42 64 52
44 55 67
50 66 95
70 40 5
76 52 22
55 21 45
31 66 26
81 93 72
50 3 62
13 80 14
83 68 63
36 17 94
23 19 53
42 20 48
22 2 50
48 11 25
21 81 80
43 94 5
49 45 60
64 59 82
55 96 17
5 77 100
69 35 4
27 40 33
29 16 48
82 42 27
66 67 85
26 98 31
66 7 84
37 32 77
92 42 95
38 7 34
58 4 26
90 13 12
10 20 36
42 46 82
91 27 70
18 57 31
51 86 99
21 65 10
50 78 96
58 35 21
54 95 25
95 19 94
60 100 23
95 99 45
65 49 92
37 33 7
75 68 93
3 46 20
76 32 1
80 90 80
3 74 84
59 49 42
28 2 16
54 9 87
66 90 14
100 72 71
70 67 72
47 84 41
30 20 71
79 34 40
94 8 35
44 85 63
7 90 65
7 95 5
34 15 11
53 37 40
2 14 85
81 19 87
77 50 4
65 71 7
70 21 54
30 79 22
11 28 14
7 45 2
13 84 4
40 36 78
61 66 58
84 10 23
19 55 73
15 53 78
73 2 39
80 83 47
83 74 70
7 29 17
99 64 59
11 38 60
10 5 9
68 74 59
65 81 83
14 67 18
61 87 20
97 4 65
42 4 4
20 48 99
99 90 12
10 76 36
84 9 22
63 30 44
42 14 19
33 39 79
84 100 69
84 88 43
87 16 3
44 10 2
54 76 99
68 30 38
92 65 78
58 19 62
29 72 85
100 74 43
18 64 45
40 53 25
50 21 5
65 1 59
24 86 52
61 44 67
83 72 2
52 92 17
22 55 11
33 35 77
30 81 19
61 48 4
57 32 91
27 32 47
74 77 75
97 71 26
100 30 91
7 31 79
3 57 79
12 7 82
28 67 24
58 12 100
91 90 38
65 18 88
55 85 5
29 71 35
49 80 1
51 95 85
53 46 32
94 56 8
39 86 55
9 46 96
23 72 83
9 13 28
45 31 41
58 61 61
94 61 14
50 43 17
20 91 76
84 91 42
76 23 69
77 43 49
64 19 83
31 1 19
36 59 61
19 69 67
86 83 42
34 23 96
88 96 93
46 64 8
94 29 19
95 9 18
46 59 50
14 78 29
36 18 40
52 45 45
16 74 96
15 12 44
2 56 36
88 44 77
32 98 16
22 56 89
69 22 97
7 39 71
20 7 74
85 58 15
22 89 33
89 8 47
9 74 84
67 34 77
33 91 41
14 34 30
71 56 47
88 57 54
63 3 40
93 91 2
59 63 15
75 24 87
73 30 76
60 7 86
96 8 35
77 13 95
69 20 14
67 58 28
20 68 91
38 56 32
19 97 62
70 34 98
58 97 99
39 78 13
56 13 2
88 100 84
24 40 64
1 81 67
46 73 80
88 28 83
36 5 83
11 50 83
57 85 72
25 17 66
27 85 37
90 44 23
56 64 42
25 62 89
72 52 60
98 77 64
53 20 23
64 20 94
43 70 51
63 5 30
93 36 5
89 76 77
34 84 47
70 60 85
56 30 24
16 53 13
55 25 44
19 80 67
76 82 33
54 96 29
2 7 39
16 14 1
34 59 23
89 19 72
22 61 43
62 86 35
14 79 32
50 58 21
14 41 33
80 59 21
81 23 9
25 1 84
96 67 56
3 70 24
51 34 48
60 80 70
6 29 93
86 92 63
51 87 61
78 10 25
23 28 36
2 50 74
74 46 18
60 36 10
73 43 84
20 46 1
54 13 42
71 26 55
31 3 98
39 47 55
71 60 97
79 4 49
60 16 85
77 55 9
17 15 76
47 48 60
67 22 82
54 51 47
23 67 99
16 97 82
2 1 9
65 89 49
30 64 68
12 19 12
26 44 7
55 58 21
76 40 45
22 76 16
44 79 20
69 38 86
11 97 81
34 47 48
88 41 23
70 4 9
54 45 33
54 44 86
88 86 77
40 4 83
85 71 69
66 85 18
82 77 10
47 76 67
10 35 28
46 43 81
66 80 38
54 75 71
21 88 97
86 48 19
77 100 54
66 33 16
51 65 100
56 86 92
24 22 59
70 95 51
29 56 54
72 26 86
42 54 60
88 66 44
80 71 58
16 25 30
4 77 83
50 85 76
55 99 43
90 72 100
87 83 69
99 71 64
62 87 17
74 42 2
35 17 14
58 60 71
15 41 25
4 92 39
31 91 93
98 37 80
90 12 35
64 55 4
51 35 18
64 9 29
53 32 85
87 76 18
42 11 59
39 57 78
53 60 62
6 96 90
34 6 80
13 14 61
82 53 48
14 27 99
30 99 5
73 23 85
91 37 99
8 22 26
75 19 46
66 64 16
96 78 10
82 83 45
6 22 73
71 93 93
77 21 75
56 28 31
41 40 13
53 8 10
21 32 13
44 37 2
27 13 58
37 88 32
39 95 39
9 83 52
30 45 31
84 90 14
28 83 43
48 92 66
1 62 29
17 31 11
84 82 53
48 26 50
82 68 6
85 29 60
65 13 8
65 20 94
7 23 91
54 27 89
44 96 43
9 90 38
39 10 96
38 70 52
71 9 64
54 37 84
36 92 20
97 62 76
46 35 62
97 29 99
69 88 75
11 84 47
77 80 15
23 45 74
7 17 73
62 64 54
39 91 5
3 67 94
48 36 30
9 33 8
2 63 65
45 79 65
40 88 86
98 89 23
63 82 80
97 79 81
61 6 2
23 83 46
28 65 91
57 74 29
87 24 14
73 93 86
25 76 82
59 79 45
94 5 50
16 49 61
85 22 18
17 81 13
6 23 15
2 52 35
48 54 59
82 16 6
80 1 65
3 54 55
4 11 82
30 58 67
88 60 85
84 95 26
65 14 78
60 41 65
8 87 63
51 57 32
24 88 19
52 30 4
10 13 62
34 92 16
31 74 46
88 33 23
88 46 51
12 92 97
90 37 23
76 15 1
69 89 35
84 21 4
24 57 95
51 55 89
75 34 10
47 82 89
93 31 36
30 53 64
67 71 79
46 29 70
59 70 10
89 40 99
73 16 82
66 21 10
27 17 12
25 83 66
39 13 55
34 39 13
55 73 99
81 47 82
98 3 94
1 34 32
92 97 48
79 85 52
73 17 56
60 66 29
16 21 9
8 50 61
47 66 5
1 47 91
27 42 33
41 86 59
17 91 62
94 58 22
69 67 84
90 20 15
95 93 13
95 33 18
57 45 65
8 51 46
53 35 9
53 9 18
43 59 23
68 90 100
6 71 37
66 59 87
27 44 19
49 17 98
14 44 13
32 71 28
32 64 24
6 43 25
84 50 18
14 96 37
86 66 57
74 1 29
74 99 71
56 21 24
30 39 23
60 28 32
51 27 8
44 77 98
53 7 1
23 37 90
71 73 89
52 51 57
50 12 34
65 76 7
49 51 61
76 13 53
27 43 99
52 49 73
47 8 75
4 72 6
86 57 24
6 46 61
68 1 28
33 73 20
39 6 70
94 83 2
9 57 49
97 32 76
68 95 1
40 13 17
71 22 14
82 87 100
59 27 65
87 27 79
90 3 40
75 5 19
100 36 10
74 52 97
38 39 80
97 87 14
2 98 46
6 4 71
65 50 7
86 18 84
64 68 52
58 6 68
98 29 8
1 61 36
75 83 65
22 81 12
18 73 98
22 91 33
16 11 1
49 82 58
69 65 33
12 45 1
14 22 76
83 79 50
52 95 100
29 69 43
29 70 76
37 67 22
41 58 98
72 7 55
26 32 58
1 52 5
71 64 70
79 86 36
93 75 71
65 87 45
81 31 29
9 43 8
95 22 22
12 5 94
35 100 11
65 34 11
80 3 74
8 67 64
71 27 25
71 87 65
98 36 41
38 66 38
9 18 2
8 91 5
42 21 93
63 93 52
61 41 98
3 87 64
64 89 27
1 9 43
64 73 7
56 1 24
28 16 92
21 97 34
90 5 22
32 38 51
71 95 100
1 21 80
64 88 7
30 91 74
31 29 70
7 86 39
17 28 47
69 56 78
28 24 19
56 27 55
97 80 66
84 98 4
86 70 55
71 35 32
33 14 65
6 30 64
9 99 87
75 66 12
29 47 55
29 66 47
35 50 72
14 29 75
81 6 48
21 3 55
50 90 70
52 40 70
38 86 31
69 49 32
85 84 94
65 46 64
10 64 61
48 18 3
72 55 91
27 45 20
5 81 62
74 65 78
27 96 82
24 49 89
35 78 1
74 44 25
37 38 51
44 18 82
85 89 93
96 4 7
62 52 40
61 93 28
34 57 97
82 14 100
46 44 33
68 63 48
52 25 80
33 69 46
46 13 85
26 11 37
49 13 70
54 21 40
66 19 25
37 96 84
1 77 82
80 20 91
91 80 42
66 35 54
63 36 29
46 38 89
56 5 41
2 46 3
17 30 65
71 50 4
90 67 70
5 3 46
100 78 43
2 43 7
17 18 83
14 7 97
82 22 62
88 83 51
26 22 71
17 60 69
9 8 34
31 6 73
51 45 29
35 27 56
22 68 63
52 56 75
62 21 79
68 67 44
20 66 100
50 52 57
64 38 85
79 41 26
4 65 76
68 4 40
83 96 71
69 81 83
41 98 97
37 19 53
44 68 66
37 100 26
97 46 97
51 37 8
54 73 93
65 52 73
20 88 94
75 96 68
74 69 55
97 5 65
65 57 14
94 64 71
49 33 60
75 62 90
41 49 68
10 6 37
51 22 72
79 9 77
84 24 58
27 37 28
97 75 3
99 57 99
47 95 62
98 30 26
86 77 86
86 67 56
52 7 21
81 41 2
71 79 73
95 49 63
76 59 65
89 17 91
23 70 18
71 72 93
8 15 98
83 77 50
96 91 28
63 9 79
69 63 80
56 17 2
94 97 59
39 65 94
73 96 56
45 50 57
80 85 25
58 8 18
45 74 38
82 44 36
24 67 89
57 23 94
56 63 56
30 2 4
42 45 54
72 86 12
23 61 88
4 91 16
32 1 91
61 78 26
32 87 65
42 99 80
19 70 45
33 47 60
17 55 7
32 70 82
94 84 20
38 31 100
13 83 80
12 13 56
41 74 46
44 40 15
78 45 97
24 32 87
16 90 66
11 21 91
61 11 87
37 17 25
43 47 8
95 2 22
13 79 84
19 36 33
22 48 45
74 60 48
81 45 75
49 81 12
22 54 53
67 45 61
56 87 59
36 82 10
51 14 14
46 94 92
36 51 13
63 35 9
78 99 60
92 28 93
97 77 71
61 50 30
63 18 96
43 25 14
97 17 58
92 64 61
21 19 62
18 87 55
25 7 85
14 93 86
36 38 64
43 68 20
28 87 71
62 39 65
61 9 34
28 61 16
28 72 46
8 5 82
25 73 97
49 55 16
59 99 77
43 28 88
17 52 48
78 15 43
27 68 66
82 34 9
70 85 11
19 16 6
34 56 69
85 53 11
43 86 46
42 67 86
20 63 39
80 54 34
67 80 31
6 79 33
46 85 68
19 85 4
16 52 23
45 87 31
14 39 6
46 98 93
21 94 86
20 2 88
32 6 62
63 60 18
29 10 93
19 5 21
74 61 75
39 71 100
21 52 1
100 70 69
68 84 15
54 14 56
62 9 47
83 4 56
26 99 94
85 97 78
11 76 23
9 40 71
16 5 11
82 4 35
12 80 88
46 25 59
11 25 100
32 74 46
61 79 61
86 95 82
86 73 41
50 28 93
20 49 95
4 9 86
26 75 24
4 22 28
79 91 97
57 5 91
37 76 44
95 4 66
72 32 75
15 20 58
23 71 17
1 5 6
99 38 64
63 19 53
49 85 11
24 55 46
31 73 21
2 6 44
55 33 8
36 97 12
97 67 40
15 52 81
32 63 63
57 16 32
59 100 43
78 90 23
2 44 60
21 46 7
45 40 47
51 9 29
19 88 76
39 69 46
47 86 49
54 31 25
16 71 14
39 54 70
33 68 76
49 31 37
5 69 21
38 91 78
30 42 55
34 19 94
25 6 94
92 76 38
19 45 49
57 80 14
51 58 89
86 53 52
57 94 86
33 61 61
44 62 30
96 89 8
99 87 15
28 71 99
33 85 87
18 89 79
55 32 30
14 87 70
39 5 90
9 85 35
23 12 38
13 73 86
16 93 28
73 63 23
21 73 65
41 91 94
42 18 91
34 87 46
33 77 61
70 1 59
94 89 5
21 61 98
80 36 1
13 19 42
7 75 30
43 22 43
50 25 82
8 55 18
17 80 33
8 42 4
5 17 85
31 50 75
37 49 38
3 93 3
5 30 2
5 92 97
70 58 19
41 50 29
53 64 94
64 93 30
3 26 95
54 79 52
96 40 99
55 30 95
5 54 71
97 84 85
37 85 86
77 54 49
51 85 65
62 47 56
79 98 1
90 19 21
64 4 12
69 16 70
67 78 2
47 44 90
3 41 72
83 98 43
17 59 51
74 84 91
13 57 22
83 93 33
74 21 37
89 50 45
12 40 3
51 82 24
31 92 92
30 86 7
5 43 48
59 31 3
28 40 83
39 82 51
53 63 58
18 26 33
99 46 35
34 32 27
72 53 49
10 45 13
12 60 94
95 11 84
75 94 43
73 78 23
73 53 69
82 73 28
100 40 71
61 59 53
16 37 2
19 43 4
37 4 79
90 14 79
100 71 77
13 88 4
71 75 32
38 74 48
74 18 92
58 62 58
85 64 44
38 100 62
4 21 77
25 98 76
79 57 39
7 57 58
33 62 47
29 18 66
75 35 62
1 29 52
91 29 62
70 64 4
90 33 19
33 22 55
99 32 67
89 46 67
85 24 57
80 52 94
25 71 72
25 13 83
62 54 33
60 98 72
7 51 98
59 26 41
2 53 18
47 98 69
78 36 29
3 32 58
54 92 94
74 34 47
48 42 89
45 44 63
78 20 73
45 38 68
38 5 6
81 15 11
97 70 35
18 24 56
72 76 72
28 81 97
97 88 48
63 27 97
12 59 43
22 52 75
11 81 92
6 40 13
9 24 21
92 75 48
45 64 10
49 30 15
34 64 65
71 33 84
64 21 37
94 48 71
14 55 4
97 9 44
23 64 39
90 93 73
20 56 8
88 3 76
71 11 48
74 64 96
53 34 10
12 99 51
93 49 35
85 34 14
25 84 45
51 41 96
14 35 26
49 98 6
55 90 30
66 1 96
85 52 52
98 67 60
1 84 44
83 59 80
53 75 17
4 67 85
74 37 74
79 36 29
70 75 33
16 54 67
61 99 39
41 42 57
14 36 55
10 56 78
53 57 82
58 76 16
40 14 84
93 79 90
23 36 57
89 71 24
99 66 90
20 13 31
80 41 60
77 48 13
50 47 86
13 16 19
1 22 92
66 92 49
82 18 72
35 99 94
13 48 26
92 10 46
84 73 76
73 99 40
15 100 39
31 51 87
17 13 76
40 77 71
33 86 23
24 37 16
15 28 61
68 17 33
23 2 60
23 86 86
14 47 9
33 57 59
72 8 85
78 28 28
38 67 10
7 80 44
34 97 27
65 6 34
83 11 77
50 73 37
29 25 32
85 86 33
73 8 57
32 31 72
88 59 90
50 63 60
79 100 92
18 3 39
86 100 45
47 89 1
69 85 23
37 71 28
93 10 83
11 10 100
69 12 48
12 98 27
95 89 45
63 4 13
17 53 62
53 69 55
17 14 7
34 21 64
46 63 13
6 26 27
93 7 42
3 94 16
91 10 99
95 31 5
15 82 62
10 7 2
87 77 89
75 52 41
55 20 31
44 12 17
62 29 80
41 71 20
72 35 11
49 86 60
53 83 13
98 13 57
39 83 86
61 96 75
53 10 20
10 42 76
36 16 83
34 66 79
43 4 81
78 5 87
52 19 33
47 87 73
7 94 33
40 51 31
18 66 15
73 24 10
53 68 96
100 12 12
29 22 15
28 20 75
42 37 62
37 52 31
44 9 25
38 24 35
76 46 76
48 14 80
4 41 4
85 12 27
28 59 57
42 76 67
91 61 35
73 83 86
63 26 23
12 53 55
51 16 63
81 86 19
28 95 37
39 60 76
21 36 95
97 28 42
45 53 42
80 87 17
51 46 8
39 43 86
89 56 53
31 5 13
69 97 88
7 88 1
37 10 42
75 69 100
23 69 56
9 55 82
89 31 3
3 11 91
1 59 46
73 88 56
46 23 32
73 26 10
80 33 89
8 56 71
86 63 89
71 55 93
32 7 23
92 100 56
42 2 72
9 67 30
67 59 92
86 16 99
31 14 87
81 58 55
58 84 100
70 28 11
45 25 3
92 32 84
59 71 47
96 48 1
58 38 87
30 22 23
14 88 33
58 80 48
85 15 4
21 40 40
45 88 79
83 46 63
57 1 71
79 62 7
49 22 13
63 29 23
52 99 56
25 35 20
100 43 14
9 16 55
9 21 86
83 18 12
16 68 52
32 13 42
1 89 10
68 24 33
71 61 50
9 3 53
73 9 86
89 20 55
29 52 11
15 14 49
15 91 85
99 13 87
6 98 30
94 19 67
71 12 95
22 32 94
61 77 58
1 46 79
56 70 17
27 21 79
9 29 59
70 90 23
55 87 5
90 82 42
62 37 64
8 66 70
29 32 100
72 45 26
99 92 10
33 59 24
16 46 73
34 25 89
62 18 48
86 1 29
71 7 64
61 24 47
59 4 32
60 37 52
66 30 17
43 78 11
96 69 39
2 19 44
89 68 12
20 4 49
92 15 64
84 16 8
92 1 87
45 69 74
7 82 88
80 40 22
26 55 88
67 2 74
86 28 91
97 23 19
71 30 21
55 54 44
60 97 51
61 97 5
37 6 31
72 73 36
67 88 46
57 40 28
28 1 71
69 83 66
62 59 97
92 49 35
62 95 5
8 18 8
6 18 56
11 47 9
52 68 77
45 5 83
18 100 88
38 78 83
35 13 58
40 38 85
72 79 18
77 92 11
55 61 29
56 54 60
8 10 40
48 43 5
19 77 100
71 46 22
43 34 2
94 62 2
53 81 58
7 37 12
99 82 61
9 25 46
97 26 85
6 27 50
11 96 94
90 18 59
19 20 1
81 4 85
61 36 34
12 49 3
72 77 69
67 11 34
20 18 38
95 56 47
40 82 28
3 71 55
67 16 96
10 25 29
4 52 3
15 93 66
10 51 6
86 71 84
35 11 77
4 2 64
63 16 98
99 88 28
63 66 61
79 47 14
91 82 27
79 26 4
22 73 3
94 51 54
39 23 79
87 57 97
33 24 77
50 24 60
87 36 99
51 47 35
36 7 39
70 73 47
13 60 4
38 79 31
36 15 75
87 33 2
30 50 35
3 33 6
25 100 55
39 97 42
88 36 10
11 2 16
57 47 97
94 95 63
94 60 16
56 81 50
19 25 47
18 40 95
47 88 74
3 97 3
12 18 7
38 21 51
41 27 42
84 23 47
98 16 38
73 61 23
83 26 5
72 87 13
92 70 9
15 96 71
3 24 30
26 20 47
25 15 11
5 82 26
88 31 52
85 35 59
23 75 40
72 65 62
60 69 11
5 85 65
32 19 31
36 39 34
27 24 44
39 27 23
8 38 41
43 41 45
67 100 6
27 66 18
46 81 71
77 89 35
47 9 79
49 90 80
28 8 6
34 40 51
26 23 35
77 73 33
54 82 44
93 97 96
32 100 59
62 69 6
58 65 42
82 10 5
72 46 92
84 4 31
87 54 13
94 39 56
54 99 75
29 38 87
94 23 18
26 49 88
42 23 78
92 61 70
23 48 88
98 100 80
46 8 24
67 49 59
85 87 36
43 31 13
51 92 30
79 28 53
100 4 69
79 43 7
25 28 66
94 41 83
57 71 50
20 8 85
73 66 93
28 49 40
41 54 100
28 76 14
50 75 64
67 21 99
24 94 49
8 13 86
78 75 63
61 80 39
2 100 90
3 83 49
15 89 2
17 94 49
84 77 5
93 100 89
68 99 41
66 10 60
93 54 25
24 7 55
93 98 86
56 84 72
15 19 34
8 83 17
58 23 31
24 16 71
78 98 37
97 63 5
66 2 2
49 96 90
54 74 94
18 11 27
75 72 84
38 47 69
78 70 1
33 36 82
89 78 88
64 17 17
96 38 90
16 3 76
15 5 72
6 24 92
78 53 56
30 75 86
17 45 7
53 27 90
24 1 1
35 67 13
66 4 15
94 2 17
86 98 18
13 97 78
26 85 47
89 99 13
61 51 69
55 18 12
64 67 59
32 17 36
85 75 79
47 92 9
78 85 45
73 100 40
39 76 59
42 50 81
47 22 51
54 30 14
69 9 60
74 11 42
23 63 94
87 73 75
43 54 49
98 18 98
58 13 47
90 95 53
38 93 72
91 71 10
40 8 24
98 44 62
58 48 80
53 66 54
77 66 35
74 62 70
4 44 58
16 31 91
21 76 65
49 99 45
90 54 20
30 4 65
39 22 47
12 82 89
28 91 12
35 1 27
18 13 7
70 80 75
48 75 11
31 22 1
22 78 85
33 96 53
74 19 26
33 34 91
48 4 29
56 60 70
30 7 79
39 28 1
36 55 80
72 96 12
78 33 78
94 73 54
81 82 11
51 72 7
66 83 47
34 27 65
77 11 26
89 27 35
28 26 56
80 16 22
40 30 54
