654.560
19809.111
19435.929
16975.344
14547.337
14402.310
15075.812
17181.912
15859.476
10331.667
10844.840
10927.768
11402.810
10394.776
11117.141
11845.512
12096.268
12797.625
11730.504
10907.016
11379.519
10740.581
10955.743
11379.143
11548.742
11834.251
12062.451
12217.838
11351.168
11554.252
10453.235
10548.021
10739.875
11317.902
11539.024
12447.256
12639.734
13073.524
13296.275
13520.289
13752.942
14060.788
14291.474
14556.524
14939.814
15088.535
15331.293
15408.104
15500.238
15725.102
15973.734
16099.268
16261.523
16440.235
16665.007
16845.319
17081.651
