19056.000
7572.000
5116.000
3744.250
3192.400
2789.833
2559.714
2410.375
2289.667
2209.700
2167.727
2145.083
2183.846
2241.357
2279.333
2315.938
2402.765
2450.889
2520.842
2544.150
2605.095
2690.955
2756.217
2820.583
2887.400
3008.654
3156.667
3229.643
3234.517
3310.333
3393.156
3360.818
3433.235
3725.361
3801.973
3852.425
3925.122
4004.762
4150.628
4340.022
4413.761
4411.064
4493.646
4985.000
5080.740
5158.588
5245.269
5277.774
5287.981
5372.600
5419.321
5464.579
5527.172
5568.322
5606.067
5695.459
5810.790
