40 52
34 17 32
29 21 95
13 35 6
13 1 27
3 22 49
40 11 3
40 36 74
21 18 7
37 23 14
17 27 45
5 4 20
31 16 37
4 12 72
15 17 68
3 2 22
13 20 5
3 33 52
30 21 95
10 26 46
37 8 60
32 38 25
27 36 53
37 30 60
3 38 26
8 9 42
4 26 74
31 8 77
2 34 98
35 31 63
18 9 26
33 21 86
25 1 57
10 8 99
1 2 34
37 34 93
9 12 98
7 34 92
37 13 74
25 17 11
30 23 19
28 18 77
27 12 79
16 26 56
23 36 36
29 11 70
2 24 64
24 25 29
11 21 52
14 6 73
19 14 43
24 6 85
39 6 230
40 55
10 13 93
24 16 36
26 19 17
40 11 28
40 14 87
33 17 51
32 28 24
7 3 27
18 10 10
31 37 97
37 18 61
28 13 2
32 34 16
21 10 98
40 36 17
36 24 93
18 39 72
21 17 74
1 16 49
29 32 14
4 38 89
33 30 51
40 28 12
29 39 32
27 1 78
9 32 66
3 11 22
37 23 83
6 38 59
20 18 81
10 36 55
38 30 6
36 19 46
19 33 10
40 7 80
14 12 32
6 16 90
2 24 59
19 11 52
22 31 78
1 18 20
34 39 12
6 28 80
5 12 46
20 15 28
28 5 16
17 5 45
2 36 84
5 38 24
35 5 81
28 33 50
35 34 72
39 15 78
15 8 204
25 15 181
40 55
14 32 18
24 21 10
26 13 90
24 28 2
27 4 31
26 38 62
7 18 20
36 22 9
35 12 93
8 12 73
11 40 18
1 12 4
28 18 7
14 37 56
14 15 40
2 4 89
37 10 28
9 8 88
18 29 64
15 37 94
31 39 25
16 8 74
36 2 93
26 8 91
34 26 70
37 2 37
5 16 68
35 4 7
40 29 86
31 32 39
16 4 85
20 23 60
2 30 43
13 31 78
18 3 90
19 14 98
2 6 34
33 35 4
9 10 6
31 40 92
17 18 41
27 34 68
17 27 56
14 31 7
34 40 89
39 15 29
27 20 30
22 10 83
38 37 7
8 32 6
23 32 64
2 13 30
26 22 94
22 27 26
25 23 112
40 51
13 39 78
28 21 74
2 34 26
5 37 40
14 20 28
18 4 3
25 9 47
34 35 9
2 38 26
32 12 19
2 28 2
35 37 26
15 4 99
8 20 24
23 11 11
25 3 17
11 10 85
34 25 66
23 15 63
14 34 27
8 24 68
39 35 16
38 40 71
21 27 37
12 40 56
30 34 28
9 13 54
26 24 51
27 15 45
20 11 97
2 26 82
3 12 87
2 7 85
30 4 71
16 25 72
18 9 88
16 29 47
1 16 99
19 17 12
34 17 73
5 25 83
39 31 83
13 17 34
8 32 40
38 11 92
20 37 36
19 2 51
33 15 90
22 6 451
31 6 244
36 22 453
40 57
10 13 24
10 17 30
8 31 90
29 2 41
21 36 62
34 21 90
40 10 76
12 13 7
36 6 99
21 35 35
30 15 40
6 30 88
34 40 6
37 19 16
16 37 29
16 2 26
36 12 12
36 28 24
34 22 11
12 26 100
3 18 70
5 32 11
40 23 14
1 6 79
31 32 8
7 20 13
4 15 65
1 7 41
4 18 82
14 26 86
35 34 36
5 40 69
39 5 68
3 23 52
5 17 25
37 10 41
23 18 10
8 28 46
9 5 4
37 2 49
37 32 56
21 19 86
24 8 9
31 38 78
4 9 68
35 39 8
33 24 12
26 30 26
26 23 98
29 4 36
4 13 29
4 35 16
34 23 73
6 22 80
25 11 409
27 25 240
38 25 74
40 55
9 14 82
7 14 66
19 12 41
7 36 34
18 34 89
10 25 35
2 36 69
28 25 2
17 35 61
5 21 97
9 37 89
15 21 2
39 34 57
40 18 52
27 32 72
6 7 3
3 40 60
34 27 81
33 39 91
35 39 26
7 21 69
3 32 86
40 32 54
24 20 77
38 16 58
18 7 16
11 17 71
6 25 81
1 3 85
14 5 60
21 17 81
35 23 78
15 6 69
11 30 43
27 10 9
27 36 98
12 9 69
38 14 82
30 2 36
35 19 33
33 2 29
12 28 28
17 18 80
15 39 26
31 37 16
23 4 26
24 38 29
15 16 9
34 23 58
22 25 58
12 17 86
32 13 66
13 8 228
26 8 191
29 8 167
40 52
5 4 38
35 32 56
23 35 38
31 2 40
23 36 63
9 27 59
33 10 54
20 25 76
9 12 18
10 20 17
35 10 93
25 5 95
21 14 71
2 34 61
6 20 56
37 30 2
23 32 32
18 17 16
17 26 90
12 11 5
32 36 20
29 39 6
14 27 66
3 2 19
38 1 10
19 15 90
3 29 100
6 4 77
2 28 53
2 18 94
13 28 93
7 2 81
14 11 91
23 28 77
14 38 91
11 1 45
12 10 65
27 21 71
21 32 34
40 30 52
26 35 96
1 19 45
30 20 52
22 34 68
3 17 30
18 33 11
15 5 96
18 38 3
29 32 56
15 8 255
16 15 315
24 8 297
40 53
9 23 80
32 35 69
19 38 81
7 24 57
15 30 72
37 13 56
11 24 89
19 24 70
26 40 24
12 35 37
13 35 14
11 23 73
11 10 82
11 35 77
30 31 90
23 20 11
8 22 58
22 10 69
15 34 28
14 16 62
1 28 87
18 9 66
21 38 26
35 31 91
12 36 63
10 27 61
4 1 55
39 3 58
23 5 47
36 26 98
3 37 21
1 18 15
20 30 50
34 27 99
31 37 87
32 40 99
11 33 67
3 35 96
1 32 29
5 31 25
6 29 8
11 16 32
40 24 27
21 13 54
34 4 8
12 15 64
17 33 77
18 38 71
37 32 21
21 27 29
16 2 166
25 2 73
29 25 156
40 57
6 29 5
35 5 100
36 28 6
36 7 57
21 25 23
8 35 88
9 16 69
4 28 68
26 6 49
21 9 70
24 6 49
39 8 66
20 13 95
35 6 52
2 10 90
4 33 88
37 31 35
3 26 7
9 24 74
29 21 27
38 28 49
27 29 78
36 12 69
23 40 91
40 20 88
5 32 87
24 29 44
35 27 6
22 35 20
32 33 34
1 11 70
38 31 15
26 1 98
18 21 15
16 6 66
14 19 57
37 2 8
5 25 24
36 1 7
29 26 1
3 19 84
1 18 60
22 37 52
2 9 83
6 22 2
18 22 7
24 26 42
13 8 24
10 6 99
2 11 45
31 10 16
26 30 24
2 22 54
18 23 43
17 15 451
30 15 365
34 17 273
40 53
5 16 67
12 23 30
16 8 98
35 33 33
31 33 8
39 11 75
22 23 4
37 39 92
5 26 66
3 5 68
26 12 36
39 7 26
14 34 4
32 8 42
40 34 74
23 33 38
4 3 61
29 5 54
27 14 92
36 40 54
17 35 92
35 26 43
37 26 8
29 40 41
40 8 53
7 30 19
19 23 86
14 28 23
14 7 50
21 28 6
26 23 75
36 8 80
11 37 43
6 12 8
2 24 51
23 7 43
17 11 11
37 8 85
34 30 68
1 20 9
3 25 16
23 27 82
26 4 55
38 4 33
29 18 55
14 16 95
18 12 86
14 10 10
10 9 392
13 10 247
15 9 208
20 9 388
24 15 57
