70 94
3 18 60
10 51 87
22 65 69
29 63 60
39 59 18
32 47 16
14 39 36
19 68 61
49 34 14
15 35 68
12 22 16
70 27 39
61 9 31
45 69 46
56 62 17
26 5 23
13 25 73
25 61 17
28 51 87
20 2 65
40 39 37
38 64 11
46 52 21
60 34 64
24 22 75
43 48 13
43 26 93
29 17 58
63 15 26
20 37 81
64 43 35
33 69 17
44 52 6
42 26 64
12 57 67
48 44 34
6 33 73
1 5 60
56 68 71
64 19 30
21 33 6
55 24 16
60 31 4
51 53 39
46 65 86
7 59 10
21 31 34
21 43 12
63 46 31
27 7 86
21 50 34
70 10 51
4 33 60
53 19 12
50 17 92
57 66 98
33 23 54
38 2 21
7 26 18
30 69 5
61 50 12
55 28 13
6 57 4
31 61 58
38 5 82
65 13 92
38 42 8
13 3 15
5 16 93
16 62 77
43 38 76
53 16 83
15 38 14
13 22 38
14 30 31
70 22 17
26 55 21
33 29 88
35 19 56
28 5 12
30 36 27
54 47 20
68 43 28
5 20 67
9 34 2
11 46 93
67 60 74
66 4 78
50 58 28
7 66 40
70 9 58
41 8 307
47 8 307
58 47 106
70 95
29 10 77
4 64 18
20 31 84
23 57 95
34 15 44
5 59 27
64 55 64
34 21 48
52 31 58
49 43 51
57 66 43
31 69 96
7 9 31
15 38 67
58 38 35
68 66 38
20 60 43
62 35 3
45 4 18
15 47 56
67 14 75
64 28 14
68 1 51
29 26 36
44 30 36
55 59 3
48 9 39
4 49 85
23 37 16
32 22 71
69 24 82
8 9 12
40 61 67
59 9 99
28 10 95
37 48 16
54 62 19
62 17 34
68 63 71
52 16 80
56 40 75
62 41 1
12 13 95
58 18 43
13 43 82
21 20 25
38 19 84
55 23 57
64 61 8
65 30 26
10 4 3
18 3 55
7 57 12
7 68 36
3 34 42
64 29 58
12 65 38
4 50 84
66 42 77
22 64 51
65 68 46
32 45 51
14 51 29
2 52 78
42 61 65
31 25 55
53 10 39
8 45 5
64 65 20
14 56 63
6 14 25
8 37 48
49 16 42
67 34 21
46 21 60
7 14 56
23 51 2
62 25 53
4 23 32
34 61 76
30 63 59
60 5 11
23 66 82
16 62 28
36 4 14
51 19 41
20 67 55
58 26 58
48 46 68
28 51 48
25 11 110
27 11 140
33 25 209
39 33 159
70 33 180
70 100
3 8 74
30 41 1
12 40 92
43 48 62
48 68 29
19 24 36
67 5 24
21 6 86
62 20 56
54 64 36
51 5 3
24 67 16
62 59 95
41 35 21
37 10 65
40 27 70
17 46 34
62 45 2
47 5 17
27 53 47
19 46 3
6 5 2
46 30 19
6 54 68
49 22 17
39 68 15
2 51 91
20 3 95
46 67 22
62 2 89
34 24 9
37 53 27
59 38 10
17 8 39
33 11 70
17 41 9
46 24 47
54 55 79
68 5 70
16 19 59
55 48 4
65 35 71
4 38 77
67 53 8
17 50 24
34 65 41
66 10 31
25 41 33
31 59 44
49 14 7
67 13 3
48 26 22
60 34 3
7 63 86
25 56 52
51 70 96
18 31 28
60 50 37
52 9 48
7 34 45
38 29 37
12 60 92
20 1 94
43 47 41
51 43 6
51 10 38
17 28 6
27 31 93
14 18 69
70 62 77
30 36 7
34 28 97
47 33 57
19 57 45
66 70 4
42 45 38
28 19 30
34 22 26
45 68 8
70 29 17
18 1 5
30 38 5
16 33 64
36 22 45
14 58 20
32 60 82
16 68 58
20 51 89
14 64 41
58 36 76
36 33 57
30 57 29
45 60 49
30 14 62
15 9 443
23 15 148
44 9 427
58 23 216
61 44 52
69 23 111
70 95
27 39 100
10 17 44
53 27 31
56 22 30
5 64 98
41 4 100
17 33 16
26 30 51
1 15 10
29 23 87
34 19 48
54 19 58
9 37 2
69 3 49
31 64 71
7 25 74
57 36 8
52 64 34
47 51 7
53 33 66
60 43 65
12 22 87
47 68 15
40 15 82
1 70 90
10 29 88
9 21 54
42 21 90
50 69 96
60 52 53
65 44 76
44 40 52
55 23 16
69 25 2
50 9 84
69 11 10
38 33 67
44 64 79
20 24 7
18 2 55
67 19 90
33 34 72
21 67 84
70 30 43
24 19 9
10 22 49
39 20 57
63 67 5
11 2 12
21 52 38
25 42 93
70 45 61
4 68 46
67 14 1
63 47 62
33 62 97
16 14 82
34 11 47
41 15 70
15 35 11
36 27 46
6 8 79
26 3 81
61 47 84
60 14 74
25 45 57
37 49 81
33 5 29
7 1 81
69 15 91
52 30 44
1 41 87
49 30 42
47 15 30
52 41 25
62 27 75
32 6 87
42 28 78
44 51 9
42 13 9
31 19 82
48 46 85
4 26 3
4 5 80
16 40 84
42 44 84
28 20 32
11 62 77
37 29 90
35 1 88
1 58 22
46 8 108
58 46 278
59 46 448
66 46 405
70 105
37 62 76
12 8 93
52 37 62
60 28 20
34 29 21
6 70 13
27 35 78
56 54 35
70 18 87
27 67 50
22 33 74
8 46 96
48 63 78
30 37 52
14 50 83
53 5 25
69 10 28
37 11 12
17 22 84
4 29 63
12 35 7
42 47 80
34 16 67
48 13 66
69 11 49
10 20 62
29 54 24
35 29 55
15 14 54
51 15 89
51 49 65
61 37 47
40 57 91
7 47 52
36 9 83
53 26 57
13 67 55
12 64 32
61 13 41
62 47 16
68 46 56
62 15 10
3 56 54
69 12 87
48 51 5
60 31 27
33 60 47
35 64 18
47 67 18
26 63 39
36 23 17
40 23 4
67 33 34
50 40 49
31 22 88
13 11 4
60 19 29
69 40 53
67 9 98
17 36 88
64 19 91
60 63 14
4 67 95
32 39 23
42 65 52
12 33 23
33 62 51
26 7 47
50 7 59
32 4 7
40 32 3
63 56 39
22 18 32
5 62 57
61 12 41
37 33 92
58 40 75
69 22 16
43 25 47
6 16 16
8 31 63
48 35 36
15 49 92
32 53 42
8 34 28
69 6 33
20 60 70
14 66 33
7 17 65
34 26 62
6 66 24
65 48 70
28 43 82
31 68 8
13 65 46
2 1 333
21 2 87
24 1 278
25 21 100
38 1 534
41 24 95
44 38 531
45 44 318
55 25 205
59 2 274
70 103
36 66 62
40 59 100
14 41 76
23 6 98
45 11 86
56 33 84
39 59 32
41 58 96
8 60 50
49 58 26
38 14 12
3 63 66
28 59 36
26 1 71
51 55 25
66 1 32
55 46 50
66 6 87
22 64 66
24 19 15
24 10 85
29 31 60
60 65 19
35 37 74
45 62 89
70 39 39
28 34 26
31 2 41
60 33 5
32 13 30
23 65 20
62 61 65
1 7 81
38 47 45
41 30 18
24 8 30
50 58 81
50 9 29
20 56 12
16 47 57
67 70 33
54 53 90
35 49 50
70 69 94
35 56 50
5 14 61
61 38 22
23 42 15
56 10 78
44 58 18
66 62 86
34 62 99
63 23 47
18 24 43
56 40 51
8 21 68
52 1 7
70 14 68
39 30 21
44 3 33
13 18 20
55 43 32
11 54 10
63 60 92
6 65 81
16 35 83
1 34 100
17 51 51
49 23 58
53 3 96
61 60 9
35 53 15
16 18 49
49 2 77
41 9 28
59 37 14
9 42 92
9 4 12
15 42 21
4 6 84
2 19 41
62 33 22
29 48 83
67 30 15
65 48 25
24 59 62
44 35 98
42 56 6
13 50 49
10 5 88
70 13 82
28 22 76
8 36 88
8 57 5
44 37 23
67 26 82
4 3 100
32 70 92
25 12 163
27 25 233
43 12 562
57 43 114
68 43 252
70 103
61 16 15
7 51 99
15 66 28
68 11 39
22 70 22
44 24 79
65 45 43
52 59 53
16 29 100
60 30 93
3 60 57
17 69 94
38 28 86
37 7 9
13 33 7
34 56 52
24 55 76
50 4 82
40 4 52
1 20 29
15 19 44
46 21 10
15 17 49
61 10 14
29 45 94
22 54 52
39 16 16
61 59 95
37 17 15
38 9 22
32 56 94
16 28 78
22 61 31
67 29 50
69 68 55
8 56 74
49 29 32
8 29 64
11 57 68
37 18 96
48 5 26
43 63 27
65 5 51
44 39 28
9 27 45
8 63 48
24 54 97
57 54 3
8 30 15
60 8 71
5 44 20
5 1 76
43 40 25
48 36 56
56 18 67
9 15 35
43 57 1
8 14 83
43 45 66
49 48 81
39 53 77
19 31 40
12 11 36
28 68 22
48 32 87
33 8 73
43 34 63
1 28 60
65 37 59
24 36 22
28 17 76
56 38 34
44 69 10
16 60 5
27 35 84
44 51 58
49 28 17
7 50 28
29 24 74
70 27 9
21 49 30
13 18 21
70 47 18
22 38 1
19 56 64
3 25 69
4 57 47
52 9 71
1 63 29
50 2 28
39 62 11
64 70 36
23 66 57
19 43 50
1 59 33
34 3 69
1 46 22
63 24 43
26 6 114
41 26 88
42 6 129
58 41 290
62 26 560
70 100
28 23 75
26 49 19
41 57 93
58 28 79
56 12 84
18 57 24
28 69 42
9 12 43
35 43 36
31 22 13
70 36 94
62 70 49
22 1 65
35 66 45
43 38 62
19 5 13
34 3 75
54 21 5
56 67 53
27 66 46
36 39 34
55 61 16
9 36 37
50 27 38
27 56 84
55 10 98
65 35 2
62 68 88
64 66 56
16 65 67
56 14 6
59 27 35
39 25 37
55 60 87
8 17 92
51 55 2
23 19 39
1 26 72
24 19 51
32 17 45
61 50 13
24 68 5
46 27 100
15 55 15
30 16 44
22 52 53
6 23 84
7 10 87
3 39 28
26 35 31
52 11 28
25 42 95
34 50 52
68 33 99
12 59 20
4 68 29
70 64 48
28 62 9
23 51 97
48 34 10
68 29 79
1 64 17
21 5 19
30 45 12
43 36 86
44 67 68
57 34 6
43 70 30
14 11 2
14 18 57
62 61 92
29 25 13
47 13 50
51 50 53
70 12 80
69 27 57
70 18 32
26 54 17
65 68 55
34 52 13
12 55 69
38 5 99
47 10 44
7 34 45
6 9 79
49 25 42
68 49 79
3 70 43
45 25 41
54 67 60
27 24 85
60 58 13
3 67 24
17 2 249
20 17 401
37 20 228
40 20 84
45 2 195
53 40 267
63 40 438
70 102
7 14 10
33 10 71
40 46 45
63 31 5
55 53 23
18 23 14
16 59 80
34 41 7
12 43 89
70 3 58
5 49 77
55 31 85
37 56 85
59 64 72
67 17 75
12 28 60
67 23 36
62 18 14
59 4 80
39 52 57
39 15 33
38 16 68
18 24 45
25 64 77
48 15 51
31 53 69
59 22 34
29 52 77
33 38 25
58 13 87
10 59 62
44 9 52
27 4 52
41 16 48
8 41 96
18 22 74
25 65 70
5 58 94
70 52 34
34 64 63
3 36 37
23 36 60
41 30 1
57 48 15
45 13 65
2 18 58
43 20 23
64 66 59
65 59 4
48 62 52
21 3 2
24 58 47
23 61 14
34 46 11
35 4 83
25 39 6
46 22 98
26 17 24
68 57 36
36 49 14
40 62 82
68 7 44
16 49 23
69 30 33
41 17 86
44 28 93
66 54 48
42 50 90
51 18 31
10 13 8
15 60 83
29 49 58
2 34 91
48 16 97
29 33 25
1 58 89
44 70 17
24 32 49
63 29 94
53 32 71
23 57 83
47 36 17
36 40 2
30 26 38
31 12 73
3 66 93
2 48 77
60 8 6
5 17 15
54 69 88
32 26 83
40 70 94
13 36 39
47 60 59
28 7 56
9 24 94
2 22 18
11 6 213
19 6 106
32 19 413
50 32 273
56 50 179
70 96
27 13 51
45 50 92
3 69 72
57 48 63
57 15 30
63 55 98
11 5 6
1 17 35
38 63 62
64 45 19
51 50 11
3 31 24
46 1 16
29 52 16
23 26 27
6 56 4
33 39 9
33 6 77
18 35 59
46 30 87
11 53 38
9 41 63
2 55 99
33 66 95
49 28 39
27 37 83
70 5 60
10 43 2
40 21 85
67 49 65
41 55 46
40 22 31
38 11 90
50 4 61
70 14 42
16 70 85
48 24 42
12 62 67
34 37 55
32 48 81
60 35 84
20 16 83
68 33 18
66 12 57
18 1 87
38 13 81
14 44 6
33 56 7
70 68 32
40 55 96
28 59 51
16 53 32
29 16 92
30 50 36
43 62 7
70 46 10
18 42 37
57 40 95
42 1 44
19 8 75
19 17 55
25 9 75
28 41 90
15 24 21
63 66 68
24 59 31
43 69 83
11 60 20
19 63 45
61 34 80
37 22 28
7 5 90
36 19 73
35 70 13
63 56 65
30 61 39
62 39 74
4 36 56
19 52 23
9 10 33
58 31 29
36 53 95
16 31 80
16 44 13
6 16 81
37 2 14
1 22 51
66 68 67
25 10 60
47 4 34
27 58 89
38 25 41
13 30 55
31 26 196
54 31 252
65 31 176
