80 2 -0.164946
80 3 0.124271
80 4 0.0158141
80 5 0.0817551
80 6 0.014979
80 7 0.00871666
80 8 0.00984468
80 9 0.017858
80 10 0.0295838
80 11 0.00653264
80 12 0.00285452
80 13 0.00746345
80 14 0.00715904
80 15 0.00850755
80 16 0.0105164
80 17 0.00200931
80 18 0.012345
80 19 0.0121238
80 20 0.0127613
80 21 0.00616062
80 22 0.046491
80 23 0.00725563
80 24 0.00695784
80 25 0.00747763
80 26 0.00480513
80 27 0.00542442
80 28 0.00761163
80 29 0.00809276
80 30 0.00395762
80 31 0.00348432
80 32 0.00325113
80 33 0.00400025
80 34 0.00556105
80 35 0.00490866
80 36 0.00349672
80 37 0.00369697
80 38 0.00540881
80 39 0.00518528
80 40 0.000127129
0
