90 2 -0.169579
90 3 0.0117117
90 4 0.00607135
90 5 0.0186666
90 6 0.016352
90 7 0.0156094
90 8 0.0135853
90 9 0.0119657
90 10 0.0106362
90 11 0.0181919
90 12 0.0167665
90 13 0.0157911
90 14 0.0151021
90 15 0.0142741
90 16 0.0134038
90 17 0.0126561
90 18 0.0122572
90 19 0.0118205
90 20 0.0112878
90 21 0.01074
90 22 0.0104309
90 23 0.0101062
90 24 0.0110129
90 25 0.0106356
90 26 0.0104526
90 27 0.0101699
90 28 0.00980694
90 29 0.00946329
90 30 0.00933061
90 31 0.00904546
90 32 0.00880849
90 33 0.00864752
90 34 0.00844257
90 35 0.00823555
90 36 0.00807309
90 37 0.00784473
90 38 0.00766666
90 39 0.00759908
90 40 0.0074317
90 41 0.00729394
90 42 0.00718903
90 43 0.00703897
90 44 0.00689675
90 45 0.00676604
0
