70 2 -0.0749972
70 3 0.0195796
70 4 0.111047
70 5 0.0706474
70 6 0.0156489
70 7 0.00588083
70 8 0.038419
70 9 0.0271769
70 10 0.00500347
70 11 0.00370163
70 12 0.00245356
70 13 0.0092059
70 14 0.0173062
70 15 0.0125586
70 16 0.0074556
70 17 0.00677517
70 18 0.000222436
70 19 0.0171314
70 20 0.00158455
70 21 0.00929565
70 22 0.0105271
70 23 0.00493408
70 24 0.0024018
70 25 0.0073004
70 26 0.00641527
70 27 0.00716535
70 28 0.0100722
70 29 0.00865246
70 30 0.0027477
70 31 0.00429498
70 32 0.00374379
70 33 0.000245078
70 34 0.00277823
70 35 0.00393314
0
