1 7.33876
2 7.83963
3 7.36427
4 7.07275
5 6.69193
6 6.54302
7 6.41905
8 6.27959
9 6.09723
10 5.99685
11 5.92393
12 5.84807
13 5.76066
14 5.70973
15 5.65014
16 5.60402
17 5.57151
18 5.52766
19 5.42025
20 5.39801
21 5.35776
22 5.32671
23 5.27793
24 5.23333
25 5.20286
26 5.16513
27 5.13797
28 5.09892
29 5.07934
30 5.05801
31 5.02232
32 4.95441
33 4.93168
34 4.89723
35 4.86381
36 4.8388
37 4.80923
38 4.78592
39 4.76629
40 4.75064
41 4.73035
42 4.71677
43 4.70331
44 4.69433
45 4.68584
46 4.66824
47 4.66161
48 4.64961
49 4.63569
50 4.62261
51 4.61329
52 4.60451
53 4.5942
54 4.586
55 4.57901
56 4.57375
57 4.56762
58 4.56133
59 4.5583
60 4.55677
61 4.55669
62 4.5566
63 4.55652
64 4.55636
65 4.55619
66 4.55602
67 4.55578
68 4.55561
69 4.55524
70 4.55491