0  "NY54"
1  "CMBR"
2  "CHCG"
3  "CLEV"
4  "RLGH"
5  "ATLN"
6  "PHLA"
7  "WASH"
8  "NSVL"
9  "STLS"
10  "NWOR"
11  "HSTN"
12  "SNAN"
13  "DLLS"
14  "ORLD"
15  "DNVR"
16  "KSCY"
17  "SNFN"
18  "SCRM"
19  "PTLD"
20  "STTL"
21  "SLKC"
22  "LA03"
23  "SNDG"
24  "PHNX"
0 1
0 2
0 6
0 7
1 6
2 3
2 6
2 9
2 15
2 16
2 17
2 20
2 21
3 8
3 9
3 6
4 5
4 7
5 7
5 8
5 9
5 13
5 14
6 7
8 9
8 13
9 13
9 16
9 22
10 11
10 13
10 14
11 12
11 13
11 14
12 24
12 13
13 15
13 16
13 17
13 22
15 16
15 17
15 21
16 17
17 18
17 19
17 20
17 21
17 22
18 21
19 20
21 22
22 23
22 24
22 24
23 24
