0  "None"
1  "UANL"
2  "UTEI"
3  "UACJ"
4  "UAL"
5  "UNAM"
6  "ITESM"
7  "UAT"
8  "CUDI"
9  "?"
10  "VBNS"
11  "UAM"
12  "MILITARY"
13  "UV"
14  "CO?"
15  "UDLAP"
16  "BUAP"
17  "IPN"
18  "ITSEM"
19  "UAEM"
20  "UAEH"
21  "UaSLP"
22  "UPALP"
23  "???"
24  "LANIA"
25  "UDG"
26  "INANDO"
27  "UniSod?"
28  "VPN"
29  "Ucol"
30  "OCSE?"
31  "None"
32  "UASLP"
33  "ITE"
34  "ILCE"
35  "ITAM"
36  "UP"
37  "CP"
38  "ULSA"
39  "TAMU"
40  "IMP"
41  "CENIC"
42  "Abilene"
43  "MTY"
44  "GDL"
45  "MEX"
46  "Cd.J"
47  "TU"
48  "CAN"
49  "UABC"
50  "?"
-1
0 1 1
0 43 0.024
0 4 1
0 6 1
0 7 1
2 42 1
2 46 0.1
3 46 0.024
5 32 0.002
5 33 0.002
5 35 0.002
5 36 0.002
5 37 0.002
5 38 0.002
5 39 0.002
5 8 0.002
5 9 0.002
5 45 0.024
5 40 0.002
10 43 0.155
11 31 0.024
12 31 0.024
13 24 0.002
13 31 0.024
14 23 0.002
14 31 0.024
15 26 0.002
15 31 0.024
16 31 0.024
17 31 0.024
18 31 0.024
19 31 0.024
20 31 0.024
21 28 0.002
22 28 0.002
25 44 0.024
27 28 0.002
28 45 0.024
28 29 0.002
28 30 0.002
31 34 0.024
31 45 0.024
41 42 1
41 47 0.155
43 44 0.155
43 45 0.155
43 46 0.155
44 45 0.155
44 47 0.155
45 48 0.155
47 50 0.024
49 50 0.002
