0  "Svizzera"
1  "CA"
2  "Global Crossing"
3  "GEANT"
4  "CA-1"
5  "NAMEX"
6  "AQ-1"
7  "SS"
8  "RM-1"
9  "PG"
10  "TIX"
11  "Level3"
12  "MI-3"
13  "CZ"
14  "TS-1"
15  "PD"
16  "NA"
17  "ME"
18  "CS"
19  "CT"
20  "PA"
21  "EUMED CONNECT"
22  "MIX    "
23  "TELIA"
24  "BO"
25  "FI"
26  "TN"
27  "VE"
28  "CO"
29  "MI-1"
30  "TO"
31  "MI-2"
32  "Fi"
33  "GE"
34  "SA"
35  "PZ"
36  "CB"
37  "FRA"
38  "AQ"
39  "AN"
40  "MT"
41  "LE"
42  "BA"
43  "FG"
44  "Google"
45  "GEANT"
46  "MI-5"
47  "TO-PIX"
48  "RM-2"
49  "Mi-4"
50  "Fe"
51  "Pv"
52  "PI"
53  "Ur"
-1
0 29 1
1 4 1
2 29 2.5
3 31 2.5
4 8 2.5
4 48 2.5
4 7 0.622
5 48 13
6 48 0.155
6 38 0.034
8 37 2.5
8 38 0.622
8 39 0.155
8 9 0.155
8 48 1
8 19 2.5
10 25 1
11 48 2.5
12 26 0.155
12 51 1
12 29 1
12 46 1
12 31 1
13 18 0.1
14 49 2.5
14 15 0.155
15 24 2.5
15 27 0.622
15 29 2.5
16 48 2.5
16 34 0.155
16 19 2.5
16 36 0.034
16 42 2.5
17 19 0.155
18 19 0.155
19 20 0.622
19 21 1
22 31 4
23 31 2.5
24 39 1
24 42 2.5
24 48 10
24 50 0.155
24 25 2.5
24 29 10
25 32 0.034
25 52 2.5
28 49 1
28 31 1
29 45 10
29 49 1
29 31 10
30 47 1
30 52 2.5
30 31 2.5
31 33 0.155
31 44 2
31 48 10
31 49 2.5
33 52 0.155
35 42 0.622
37 48 2.5
39 53 0.622
40 42 0.622
41 42 0.622
42 43 0.155
48 52 2.5
