0  "Svizzera"
1  "CA"
2  "Global Crossing"
3  "GEANT"
4  "CA-1"
5  "NAMEX"
6  "AQ-1"
7  "SS"
8  "PA-2"
9  "RM-1"
10  "PG"
11  "CZ"
12  "TIX"
13  "BO"
14  "MI-3"
15  "VSIX"
16  "TS-1"
17  "NA"
18  "ME"
19  "CS"
20  "CT"
21  "PA"
22  "EUMED CONNECT"
23  "MIX"
24  "TELIA"
25  "FUC"
26  "FI"
27  "Fi"
28  "PD-2"
29  "VE"
30  "PD"
31  "MI-1"
32  "TN"
33  "MI-2"
34  "MI-4"
35  "GE"
36  "TO"
37  "SA"
38  "PZ"
39  "CB"
40  "FRA"
41  "AQ"
42  "AN"
43  "MT"
44  "LE"
45  "BA"
46  "FG"
47  "Google"
48  "GEANT"
49  "BS"
50  "TO-PIX"
51  "RM-2"
52  "CO"
53  "Fe"
54  "Pv"
55  "PI"
56  "Ur"
-1
0 31 10
1 4 1
2 31 5
3 33 2.5
4 7 0.622
4 51 2.5
4 9 2.5
5 51 13
6 41 0.034
6 51 0.155
8 21 1
9 40 2.5
9 41 0.622
9 10 0.155
9 51 1
9 51 1
9 20 2.5
9 42 0.155
11 19 0.1
12 26 1
13 42 1
13 45 2.5
13 51 10
13 53 1
13 53 1
13 26 2.5
13 30 2.5
13 31 1
13 31 10
13 31 10
14 32 0.155
14 32 0.155
14 49 1
14 33 1
14 54 1
14 31 1
15 30 1
16 52 2.5
16 30 0.155
17 45 2.5
17 51 2.5
17 20 2.5
17 37 0.155
17 37 0.155
17 39 0.034
18 20 0.155
19 20 0.155
20 21 0.622
20 22 1
23 33 4
24 33 5
25 51 0.034
26 27 0.034
26 55 2.5
28 30 1
29 30 0.622
30 31 2.5
31 33 10
31 48 20
31 52 1
33 51 10
33 34 1
33 36 2.5
33 47 2
33 35 0.155
33 52 2.5
34 52 1
35 55 0.155
36 50 1
36 55 2.5
38 45 0.622
40 51 2.5
42 56 0.622
43 45 0.622
44 45 0.622
45 46 0.155
51 55 2.5
