0  "CT"
1  "PA"
2  "NA"
3  "CS"
4  "MI"
5  "TO"
6  "TS"
7  "PD"
8  "GE"
9  "FI"
10  "NA"
11  "BO"
12  "KQ"
13  "BO"
14  "MIX"
15  "MI"
16  "RM"
17  "FRA"
18  "BA"
19  "PI"
20  "GEANT"
21  "GX"
22  "CA"
23  "NAMEX"
24  "RM"
25  "PG"
26  "AQ"
-1
0 2 1
1 2 1
2 3 1
2 4 0.155
2 10 1
2 18 0.155
2 24 0.155
4 5 1
4 6 1
4 7 1
4 8 1
4 13 1
4 13 1
4 14 1
4 15 1
4 20 1
4 21 1
4 24 1
9 13 1
11 13 1
12 24 1
13 19 1
13 24 1
16 24 1
17 24 1
22 24 1
23 24 1
24 25 1
24 26 