0  "NL"
1  "BE"
2  "DK"
3  "PL"
4  "DE"
5  "CZ"
6  "LU"
7  "FR"
8  "CH"
9  "IT"
10  "BG"
11  "RO"
12  "TR"
13  "GR"
14  "CY"
15  "IL"
16  "MT"
17  "MK"
18  "ME"
19  "HU"
20  "SK"
21  "PT"
22  "ES"
23  "RS"
24  "HR"
25  "SL"
26  "AT"
27  "LT"
28  "RU"
29  "IS"
30  "IE"
31  "UK"
32  "NO"
33  "SE"
34  "FI"
35  "EE"
36  "LV"
-1
0 1 1
0 2 1
0 4 1
1 31 1
2 33 1
2 35 10
2 4 1
2 32 1
2 28 10
2 29 10
3 27 10
3 4 10
3 5 10
4 5 1
4 6 10
4 8 1
4 15 2.5
4 26 10
4 28 10
5 20 1
6 7 10
7 8 1
7 22 10
7 31 1
8 9 1
8 22 1
9 13 10
9 14 0.155
9 16 1
9 22 10
9 26 1
10 11 10
10 17 1
10 19 10
10 12 10
10 13 10
11 19 10
11 12 10
13 26 10
13 14 0.155
15 31 2.5
18 24 1
19 24 1
19 20 1
19 23 10
20 26 1
21 22 10
21 31 2.5
24 25 1
25 26 1
27 36 10
29 31 2.5
30 31 1
30 31 10
32 33 1
33 34 1
33 34 1
35 36 10
