0  "NL"
1  "BE"
2  "DK"
3  "PL"
4  "DE"
5  "CZ"
6  "LU"
7  "FR"
8  "CH"
9  "IT"
10  "UA"
11  "MD"
12  "BG"
13  "RO"
14  "TR"
15  "GR"
16  "CY"
17  "IL"
18  "MT"
19  "BY"
20  "MK"
21  "ME"
22  "HU"
23  "SK"
24  "PT"
25  "ES"
26  "RS"
27  "HR"
28  "SL"
29  "AT"
30  "LT"
31  "RU"
32  "IS"
33  "IE"
34  "UK"
35  "NO"
36  "SE"
37  "FI"
38  "EE"
39  "LV"
-1
0 1 1
0 2 1
0 4 1
0 34 2.5
0 30 2.5
1 33 1
2 32 10
2 35 1
2 4 1
2 38 10
2 36 1
2 31 10
3 10 1
3 19 1
3 4 10
3 5 10
3 30 10
4 5 1
4 6 10
4 8 1
4 16 1
4 17 2.5
4 29 10
4 31 10
5 23 1
6 7 10
7 8 1
7 25 10
7 34 1
8 9 1
8 25 1
9 25 10
9 18 1
9 29 1
9 15 10
11 13 1
12 22 10
12 20 0.155
12 13 10
12 14 10
12 15 10
13 14 10
13 22 10
15 29 10
16 34 1
17 30 2.5
21 27 0.155
22 26 10
22 27 1
22 23 1
23 29 1
24 25 10
24 34 10
27 28 1
28 29 1
30 39 10
32 34 2.5
33 34 10
35 36 1
36 37 1
38 39 10
