0  "WLG"
1  "DUD"
2  "AVL"
3  "PNR"
4  "LCN"
5  "CHC"
6  "IVM"
7  "INV"
8  "TPO"
9  "NLS"
10  "Syd"
11  "MTA"
12  "NPL"
13  "WAG"
14  "MUP"
15  "NSH"
16  "WRK"
17  "LAX"
18  "TAU"
19  "GIS"
20  "POR"
21  "NAP"
22  "ROT"
23  "HLT"
24  "AKL"
-1
0 1 1
0 2 10
0 3 10
0 5 10
0 9 10
1 4 10
1 6 10
1 6 10
1 7 10
2 20 1
2 14 10
3 24 10
3 12 1
3 13 1
3 14 10
4 5 10
5 8 1
5 9 10
10 24 1
11 24 10
14 21 10
15 16 1
15 24 10
15 24 10
17 24 1
18 22 1
19 21 1
21 22 10
22 23 10
23 24 10
