0  "Hue"
1  "VN HN"
2  "HCM"
3  "DN"
4  "KR"
5  "JP"
6  "HK"
7  "CN"
8  "PH"
9  "Nha Trang"
10  "Vinh"
11  "Thai Nguyen"
12  "An Giang"
13  "Da Lat"
14  "Hai Phong"
15  "AU"
16  "CT"
17  "TH"
18  "MY"
19  "ID"
20  "Abilene Internet2 USA"
21  "Internet"
22  "EU"
23  "EU"
24  "SG"
-1
0 3 1
1 2 1
1 3 0.045
1 6 0.155
1 10 0.02
1 11 0.02
1 14 1
1 21 0.04
2 16 1
2 3 0.045
2 13 0.02
3 9 0.02
4 24 0.622
5 8 0.155
5 24 0.622
5 20 1
5 6 0.622
6 24 0.622
6 7 0.622
7 22 2.5
12 16 0.02
15 24 1
17 24 0.155
18 24 0.045
19 24 0.045
23 24 1
