4 1
5 1
6 0.866667
6 1
6 1
6 0.916665
6 1
7 0.991866
7 1
7 1
7 0.833334
8 1
8 1
9 0.939782
9 0.946596
10 1
10 1
11 1.07862
11 1
11 1
11 1
12 0.981001
13 1
13 0.881836
13 0.899607
13 0.91659
13 0.992332
13 0.995275
13 1
13 0.883011
14 1
14 1
14 1
15 1
15 1.00577
15 1.02379
16 1
16 1
16 0.970587
16 1.07231
16 1.04229
16 0.962203
16 0.988448
16 1.00027
17 0.994749
17 1
17 1.07669
18 1.00296
18 1
18 0.977915
18 1.04744
18 1.0725
18 0.974508
18 1.02798
18 1.0667
18 1.08326
19 0.930966
19 1
19 0.925181
19 1.02725
19 0.808765
19 0.948653
19 1.09809
20 1.01245
20 1
20 0.985602
20 0.967855
20 0.96732
20 0.980121
20 0.781963
21 1.10592
21 1.01248
21 0.962597
21 1.04296
21 1.11038
21 1.03761
21 1.04293
22 0.943185
22 0.943937
22 1.0232
22 1.14833
22 1.01194
23 1.0613
23 0.847506
23 0.847506
23 0.926141
23 0.926141
23 0.944904
23 0.945123
23 0.905996
23 1.05607
23 1.02912
23 1
23 1
24 1
24 1
24 1.0274
24 1.01093
24 1.04004
24 1.0497
24 1
24 1
24 1
25 1
25 1.05
25 0.905682
25 0.990438
25 1.0279
25 0.954567
25 1.00129
26 1.18151
26 0.981215
26 0.999794
27 0.91252
27 1
27 1.00078
27 1
28 1.10338
28 1
28 1
29 1.01385
29 1.02358
29 1.15696
29 1.00135
30 1
30 1
30 1
30 1.10291
30 1.00426
30 1
31 1
31 1.08635
31 1.01439
32 1.01192
32 0.905049
33 0.991919
33 0.991919
33 1.00862
33 0.992283
33 1.04958
33 1.0008
34 0.974362
34 1
34 0.915335
35 0.953567
35 1.06212
36 1.05285
36 1.07678
36 1
36 1.09049
37 1
37 1.08293
37 1
37 1.0038
37 1
37 1
37 1.00102
38 1.13083
38 1.00001
39 1.03569
39 1
39 1
40 1.05882
41 1.00745
42 1.08445
42 1
42 1.02918
42 1
43 1.01826
43 1.13667
43 1.00499
44 1
44 1
45 1
48 0.985651
48 1.03785
49 1
50 1.03137
51 1
51 0.984017
51 1
52 1
53 1.04866
53 1.01713
54 1
54 1
54 1
54 1
54 1
54 1
55 1.141
55 1
55 1
55 1
55 1
56 1.00134
56 1.00135
56 1.0003
57 1.00188
58 1.07388
58 1
59 1
59 1
59 1
59 1
59 1
59 1.00306
60 1
61 1.01746
61 1.01841
62 1
65 1
66 1.01762
67 1
67 1.1192
68 1.08431
69 1
69 0.972792
70 1.02089
73 1.06626
74 1
74 1
74 1.1381
74 1.10919
82 1
84 1.04854
88 1.02149
92 0.988561
110 0.987332
113 1
125 0.989387
127 1.28467
145 1.03123
149 1.05887
153 1.11117
158 1.09715
197 1.00084
754 1.02847
