4 1.11764
5 1
6 1
6 1.04255
6 1
6 1.45
6 1.43548
7 0.991866
7 1.41176
7 1
7 1.18889
8 1
8 1
9 0.910258
9 0.980088
10 1
10 1.09504
11 1.14151
11 1
11 1
11 1
12 1.15783
13 1
13 0.882932
13 0.996063
13 0.957826
13 0.992332
13 0.998942
13 1
13 0.892989
14 1.16751
14 1
14 1
15 1
15 1.05306
15 1.10858
16 0.971836
16 1.2473
16 0.927521
16 1.08678
16 1.04793
16 0.962203
16 1
16 1.00751
17 1.11417
17 1.19932
17 1.10492
18 1.04765
18 1
18 0.988514
18 1.0547
18 1.16485
18 1.06045
18 1.07885
18 1.1991
18 0.999142
19 0.930966
19 1
19 1.04023
19 1.02327
19 0.811524
19 0.944466
19 1.01543
20 1.0218
20 1.01968
20 0.928008
20 1.03634
20 0.984313
20 1.01626
20 1.43849
21 1.1067
21 0.967926
21 0.920235
21 0.942165
21 0.979654
21 1.00193
21 1.03801
22 1.09795
22 1.13491
22 1.18194
22 1.08384
22 1.02033
23 0.990482
23 0.93131
23 0.93131
23 0.904742
23 0.911521
23 0.885763
23 1.11979
23 1.04614
23 1.15725
23 1.12987
23 1
23 1
24 1.20184
24 1.03687
24 1.0225
24 0.991344
24 1.08808
24 1.07412
24 1.05059
24 1.00247
24 1
25 1
25 1
25 0.953573
25 1.12268
25 1.05021
25 0.965507
25 1.00452
26 0.976165
26 0.94649
26 0.998895
27 0.945691
27 1
27 1
27 1
28 1.12744
28 1.06689
28 1
29 1.12027
29 1.00171
29 1.2344
29 0.999693
30 1
30 1
30 1
30 0.971848
30 0.962214
30 1
31 1
31 1.02073
31 1.01274
32 1.09166
32 0.993985
33 1.14435
33 1.14435
33 1.01392
33 1.08978
33 1.12679
33 1.10791
34 0.996363
34 1
34 1.00479
35 0.946389
35 0.965549
36 1.05978
36 1.13241
36 1.07144
36 1.06159
37 1
37 1.03802
37 1
37 1.01935
37 1
37 1
37 0.972194
38 1.13355
38 0.999233
39 1.00753
39 1
39 1
40 1.03077
41 1.02493
42 0.973231
42 1
42 1.03216
42 1
43 1.03298
43 1.2372
43 1.00524
44 1.00553
44 1
45 0.992809
48 1.12986
48 1.0344
49 1.1958
50 1.04468
51 1
51 1.05202
51 1
52 1.01867
53 1.01116
53 0.95173
54 1
54 1
54 1
54 1
54 1
54 1
55 1.14895
55 1.00839
55 1
55 1
55 1
56 0.997072
56 0.997069
56 0.99602
57 0.997173
58 0.99986
58 1
59 1
59 1
59 1
59 1
59 1
59 0.996139
60 1
61 0.993244
61 0.993628
62 1
65 0.976832
66 1.00352
67 1
67 1.10932
68 1.11158
69 1
69 0.955504
70 1.10264
73 1.03339
74 1.14679
74 1
74 1.11401
74 1.10844
82 1
84 1.20282
88 1.30859
92 1.18589
110 0.944032
113 0.904742
125 1.03484
127 1.00612
145 1.08696
149 1.04815
153 1.10669
158 1.17957
197 1.0574
754 1.12821
