0  "Washington DC"
1  "Miami"
2  "Atlanta"
3  "New York City"
4  "Geneva"
5  "Frankfurt"
6  "Paris"
7  "Madrid"
8  "Dusseldorf"
9  "Amsterdam"
10  "Cairo"
11  "Ar Riyad"
12  "Chennai"
13  "Colombo"
14  "Bangkok"
15  "Ho Chi Minh"
16  "Brunei"
17  "Lagos"
18  "Johannesburg"
19  "Cape Town"
20  "Seoul"
21  "Dubai"
22  "Beijing"
23  "Shanghai"
24  "London"
25  "Wellington"
26  "Mountain View"
27  "Mumbai"
28  "Rangoon"
29  "Hong Kong"
30  "Tokyo"
31  "Osaka"
32  "Warsaw"
33  "Macau"
34  "Hanoi"
35  "Manila"
36  "Tapei"
37  "Dallas"
38  "Houston"
39  "Kuala Lumpur"
40  "Singapore"
41  "Jakarta"
42  "Sydney"
43  "San Jose"
44  "Los Angeles"
45  "Seattle"
46  "Chicago"
-1
0 1 10
0 1 10
0 1 10
0 1 10
0 2 10
0 2 10
0 3 10
0 3 10
0 3 10
0 3 10
0 3 10
0 3 10
0 37 10
0 37 10
0 37 10
0 37 10
0 9 10
0 9 10
0 9 10
0 43 10
0 43 10
0 43 10
0 43 10
0 43 10
0 44 10
0 44 10
0 44 10
0 44 10
0 44 10
0 45 10
0 45 10
1 2 10
1 2 10
1 37 10
1 37 10
1 37 10
2 37 10
2 37 10
3 24 10
3 24 10
3 24 10
3 45 10
3 45 10
3 46 10
3 46 10
3 46 10
4 5 0.622
4 5 0.622
4 6 0.622
4 6 0.622
5 24 10
5 24 10
5 24 10
5 8 0.622
5 8 0.622
5 32 10
5 32 10
5 9 10
5 9 10
5 9 10
6 24 10
6 24 10
6 9 10
6 9 10
7 24 10
7 9 10
8 9 0.622
8 9 0.622
9 30 10
9 30 2.5
9 30 2.5
9 30 10
9 30 2.5
9 30 10
13 40 0.622
20 30 0.622
20 30 0.622
20 30 2.5
20 31 2.5
24 40 0.155
24 31 10
24 31 10
24 31 10
26 43 0.155
28 39 0.155
29 40 0.622
29 40 0.622
29 35 2.5
29 36 2.5
29 36 2.5
29 36 10
29 30 10
29 30 10
29 30 2.5
29 30 10
29 30 2.5
29 31 10
29 31 10
29 31 2.5
29 31 10
29 31 2.5
30 34 2.5
30 35 2.5
30 36 2.5
30 36 10
30 36 2.5
30 40 0.622
30 40 10
30 40 10
30 40 10
30 40 0.622
30 40 10
30 40 10
30 42 2.5
30 42 2.5
30 43 10
30 43 10
30 43 10
30 43 10
30 43 10
30 43 10
30 43 10
30 43 10
30 43 10
30 44 10
30 44 10
30 44 10
30 44 10
30 44 10
30 44 10
30 44 10
30 44 10
30 44 10
30 44 10
30 44 10
30 45 10
30 45 10
30 45 10
30 45 10
30 45 10
30 31 10
30 31 10
30 31 10
30 31 10
30 31 10
30 31 10
30 31 10
30 31 10
30 31 10
30 31 10
30 31 10
30 31 10
30 31 10
30 31 10
31 40 10
31 40 10
31 40 10
31 43 10
31 43 10
31 43 10
31 43 10
31 43 10
31 43 10
31 43 10
31 43 10
31 44 10
31 44 10
31 44 10
31 44 10
31 44 10
31 44 10
31 44 10
31 45 10
31 45 10
31 45 10
31 45 10
31 45 10
37 38 10
37 43 10
37 43 10
37 43 10
37 43 10
37 43 10
37 44 10
37 44 10
37 44 10
37 44 10
37 44 10
37 46 10
37 46 10
37 46 10
38 44 10
39 40 2.5
39 40 2.5
40 41 0.155
40 41 0.155
40 41 0.622
40 41 0.155
40 41 0.622
42 43 0.155
42 43 0.622
42 43 0.155
43 44 10
43 44 10
43 44 10
43 44 10
43 45 10
43 45 10
43 45 10
43 45 10
43 46 10
43 46 10
43 46 10
45 46 10
45 46 10
45 46 10
