80 110
35 17 67
34 26 21
35 53 5
37 79 79
55 53 70
8 38 27
32 34 17
35 21 82
9 55 75
49 56 18
27 56 62
54 34 33
65 17 38
76 64 84
2 43 45
31 15 18
3 37 68
73 30 81
24 34 2
47 13 25
31 51 97
35 5 50
33 35 8
14 4 67
76 41 89
10 79 77
43 32 27
74 8 83
33 15 94
37 28 10
62 66 42
3 77 91
23 48 24
71 5 95
35 14 74
56 1 22
32 12 100
65 3 45
51 72 76
17 38 69
71 27 77
6 5 56
75 76 1
25 55 43
70 31 16
5 22 8
40 69 38
24 45 46
6 78 31
68 9 88
53 39 85
31 67 37
44 40 43
41 46 75
19 41 35
70 50 87
51 42 30
52 64 21
58 20 11
56 76 54
59 24 21
79 18 14
67 45 60
27 39 46
65 7 35
9 75 95
70 48 64
4 75 54
64 9 90
79 14 94
1 61 51
59 63 54
56 29 19
60 78 23
42 8 7
75 32 14
30 54 60
19 65 73
23 12 69
30 3 94
68 42 20
10 51 88
58 47 75
6 77 34
9 15 74
42 14 81
66 44 100
15 47 96
34 17 9
5 72 75
15 61 7
67 7 65
42 55 36
39 29 95
53 8 1
62 37 69
24 7 97
17 30 58
5 29 100
68 10 2
33 42 10
23 13 13
32 7 26
28 39 85
54 10 90
13 11 193
16 13 579
36 11 120
57 13 172
80 36 193
80 114
27 24 7
20 29 15
35 1 86
31 60 59
72 53 30
60 30 41
1 49 64
25 70 88
9 45 2
5 60 33
43 30 7
3 49 84
65 38 93
17 52 18
74 23 59
15 24 93
36 48 43
62 24 34
79 33 22
26 45 34
64 40 40
49 75 76
21 44 43
38 56 54
39 28 40
49 6 91
21 47 71
79 67 17
53 27 2
39 17 53
16 68 32
25 23 17
11 76 68
24 30 18
30 23 41
56 67 33
65 60 7
80 6 86
23 80 7
16 61 58
43 28 76
80 39 32
63 13 8
63 45 56
74 42 28
58 61 37
54 19 19
23 71 80
22 47 41
10 15 61
16 70 27
49 9 86
25 42 77
55 29 49
18 7 47
47 54 60
63 75 79
58 40 53
48 50 92
44 67 91
46 33 70
63 9 15
9 13 35
78 74 65
57 70 39
40 52 47
66 52 87
4 32 21
43 10 71
57 41 58
16 22 59
62 57 42
69 52 79
35 10 7
66 51 91
70 35 81
44 26 58
30 77 72
14 43 42
15 42 84
30 14 77
40 56 69
44 5 39
76 63 59
52 9 81
64 77 8
67 63 16
51 36 9
57 39 14
3 8 23
36 69 94
35 11 22
10 66 77
70 71 8
46 34 96
20 25 91
46 1 86
13 67 20
56 53 1
73 74 98
24 4 36
26 43 63
12 11 4
63 78 29
5 10 19
62 8 85
79 4 85
41 77 38
27 11 75
22 8 56
7 2 493
32 2 47
37 7 244
59 37 262
80 117
26 25 44
46 38 58
43 49 48
69 60 91
38 21 2
43 80 34
60 62 87
7 22 6
67 4 83
4 48 88
74 14 54
80 47 75
17 24 71
77 11 21
46 9 3
76 12 85
65 38 6
59 47 97
3 16 52
2 15 11
75 47 90
50 31 95
19 50 52
75 39 75
16 76 77
18 30 26
52 15 43
67 23 33
27 24 19
32 31 31
50 17 5
14 75 51
79 19 74
1 59 69
46 39 74
45 72 74
60 52 37
77 36 76
6 52 60
33 19 94
67 62 90
49 73 41
70 40 47
79 52 22
60 55 4
21 58 41
63 14 85
6 75 74
53 6 28
32 14 52
6 54 69
28 50 17
45 43 6
73 51 72
63 20 77
64 37 85
80 21 87
75 8 21
60 15 29
28 1 69
79 32 63
9 7 94
6 38 5
22 11 6
54 75 100
40 58 29
16 59 24
73 48 97
62 57 52
59 80 36
61 4 26
29 31 42
16 69 14
58 29 34
68 22 43
62 5 5
15 42 80
38 26 62
35 53 5
10 23 90
54 25 2
24 59 5
36 57 74
32 23 78
34 42 42
21 77 22
73 9 47
73 10 83
18 48 87
14 2 70
43 12 34
71 78 79
64 14 73
8 74 53
37 15 77
12 54 43
30 11 59
57 50 38
33 39 38
13 57 89
52 1 89
51 33 12
65 72 84
57 10 83
57 60 48
52 33 34
49 38 89
4 57 6
33 80 11
14 27 57
72 26 64
39 11 31
41 25 138
44 41 19
56 44 194
66 44 410
78 66 226
80 113
67 15 10
22 68 19
39 1 56
68 42 78
17 12 15
1 37 70
54 24 80
45 39 7
21 47 29
60 19 13
23 26 64
12 45 55
1 4 85
32 69 85
45 32 66
27 4 11
55 50 99
24 37 86
18 41 48
57 51 2
74 5 42
1 65 37
37 8 100
66 6 91
36 58 67
80 72 81
70 80 47
26 33 27
23 60 23
67 62 98
64 77 16
44 5 41
40 79 96
60 16 66
54 70 86
18 33 89
25 27 37
10 79 88
17 2 88
5 59 66
38 58 20
26 7 71
73 24 84
54 79 59
51 52 88
30 80 52
67 11 75
13 72 71
52 10 3
28 23 91
26 68 94
33 13 48
77 65 70
57 13 34
17 18 72
72 61 14
12 49 87
71 64 82
72 63 59
49 30 29
68 46 71
60 57 86
76 19 96
80 35 45
43 54 83
35 55 98
37 14 43
54 76 100
8 10 29
27 2 47
32 35 15
16 67 34
24 31 22
63 36 17
8 29 19
7 10 56
4 18 20
73 29 52
43 70 9
45 16 27
61 31 92
30 38 58
50 28 82
19 22 54
38 13 71
15 19 88
28 2 40
17 46 26
66 67 93
35 9 81
31 53 10
75 1 92
1 49 41
58 61 25
35 61 86
53 80 6
58 17 48
18 35 94
63 7 40
51 63 6
26 15 48
8 53 23
52 33 43
22 63 80
60 38 34
20 3 620
34 3 330
47 20 185
48 34 132
53 48 218
56 47 503
59 48 177
78 53 235
80 110
49 78 72
29 43 79
32 56 35
52 62 91
8 25 61
46 17 87
40 41 72
15 54 27
13 3 36
18 9 82
38 8 76
70 15 7
41 52 58
77 14 20
21 35 14
10 55 30
72 4 7
55 16 32
46 3 49
16 61 34
11 17 19
29 25 65
80 9 30
48 27 91
48 16 94
13 69 72
15 26 77
14 4 56
47 40 34
61 28 37
15 8 97
56 63 22
57 61 16
60 34 74
48 50 94
16 2 1
29 26 80
29 1 78
60 78 90
75 18 44
75 66 53
16 21 16
64 21 46
43 74 55
45 56 37
35 8 40
8 79 10
25 59 95
50 28 87
41 64 49
78 32 82
71 52 83
61 40 70
72 6 23
3 67 7
20 33 65
30 43 62
8 24 33
15 21 54
48 72 59
64 38 13
42 50 91
39 36 75
2 66 55
67 4 47
23 56 35
61 56 21
71 40 11
27 46 65
74 71 69
12 66 32
45 79 41
25 15 82
15 78 52
52 4 87
48 53 51
40 37 36
13 39 46
35 65 4
20 44 34
59 57 7
49 11 67
67 23 5
38 15 67
46 7 60
41 35 19
42 65 23
80 37 98
21 46 25
46 72 65
53 8 3
4 49 62
51 48 21
9 76 57
4 22 53
77 2 40
64 71 90
59 78 4
13 29 65
31 29 57
76 20 62
16 51 45
71 44 56
74 13 7
45 7 5
19 5 110
44 5 385
58 5 165
68 44 457
73 5 206
80 110
27 43 41
2 68 90
48 39 54
32 24 77
61 42 69
11 74 20
23 48 30
25 36 40
49 44 23
50 14 86
55 52 20
42 16 44
58 12 88
71 26 76
28 19 83
22 21 57
57 45 61
61 45 34
59 48 33
51 71 49
29 31 92
75 27 23
12 11 96
42 54 70
3 29 79
1 37 90
15 11 10
9 73 3
47 39 96
31 44 31
31 32 8
79 55 59
11 4 87
35 40 16
64 8 79
67 6 63
48 55 27
67 36 49
31 79 75
21 40 21
19 17 39
75 13 96
10 44 73
56 67 89
67 23 5
72 59 66
13 40 80
31 80 95
32 20 79
5 30 3
47 17 50
39 55 53
14 65 46
21 29 88
77 32 8
22 8 63
74 2 76
34 12 5
22 72 61
34 45 76
60 21 34
37 12 84
35 16 40
14 6 89
7 65 53
28 39 31
12 6 49
6 28 51
6 34 100
55 71 99
46 13 27
74 41 88
34 3 33
64 24 61
18 44 57
25 7 95
58 56 42
21 69 52
13 72 40
57 10 98
7 72 99
76 55 12
35 19 41
39 41 18
72 71 91
52 34 97
37 60 78
21 43 10
14 48 59
32 1 10
76 25 7
24 36 48
7 37 66
32 78 60
34 46 84
46 11 19
17 53 54
26 17 76
12 75 95
67 17 91
72 10 67
40 25 47
33 30 349
38 30 434
53 33 184
62 53 291
63 33 16
66 30 147
70 38 117
73 53 514
80 109
46 8 48
2 70 41
21 61 84
72 77 29
63 19 64
71 63 91
63 28 62
49 55 87
56 65 63
44 40 46
51 30 78
47 67 40
79 61 56
7 61 27
25 75 71
79 48 22
60 46 11
33 63 49
18 48 36
60 58 13
41 11 68
68 67 31
19 62 85
80 6 8
21 1 37
54 26 15
49 70 27
61 41 17
58 7 32
16 67 14
61 4 9
44 46 21
49 32 16
67 30 36
66 42 69
69 8 86
2 67 18
78 34 1
61 13 55
63 4 41
48 39 75
24 66 4
13 68 20
26 36 32
69 18 69
36 11 4
59 31 38
74 8 91
42 2 22
53 18 13
28 22 97
22 77 29
74 13 48
30 44 60
53 20 82
17 42 62
57 54 54
30 13 90
14 19 84
72 57 71
79 32 97
12 53 9
10 24 43
29 35 54
41 56 15
47 73 23
54 65 45
67 80 55
1 13 9
1 15 27
33 29 34
26 61 26
29 18 67
4 12 57
59 44 63
12 47 70
22 54 41
20 1 50
49 56 81
10 3 39
30 19 69
56 52 43
62 56 25
5 37 8
80 58 77
41 51 37
43 22 59
43 29 79
3 13 95
60 75 67
39 46 74
42 6 70
22 44 13
24 60 26
13 29 39
14 71 72
44 62 30
57 10 1
26 27 3
53 73 73
23 9 250
27 23 387
34 23 139
37 27 300
38 34 306
45 9 220
50 23 486
64 37 282
76 64 371
80 110
59 50 77
16 44 29
4 54 57
7 53 31
54 32 95
38 61 44
60 17 26
19 9 47
1 2 36
36 80 65
23 30 50
77 7 1
35 36 89
73 21 23
68 54 22
20 47 73
19 35 76
53 16 33
29 20 89
75 69 15
20 1 23
15 40 3
11 66 82
72 77 50
38 68 50
8 64 61
60 67 99
26 53 73
10 20 55
14 5 90
34 17 19
75 3 48
5 53 100
67 9 48
64 55 56
39 32 11
24 2 53
16 47 49
64 33 44
12 20 41
31 43 35
68 22 20
55 36 97
40 64 8
2 10 43
29 25 34
29 6 80
53 47 64
74 41 8
70 46 13
65 62 78
20 11 44
22 51 19
22 62 46
22 71 66
30 78 29
8 6 23
20 79 90
13 41 74
47 48 83
19 23 45
45 77 80
1 69 44
53 72 59
39 52 59
12 22 90
49 13 90
43 67 50
17 57 74
72 55 16
61 35 85
71 51 4
19 49 65
30 37 17
32 37 65
66 74 68
48 31 50
47 62 70
61 25 55
72 71 36
11 61 35
77 32 88
78 21 15
16 48 44
17 68 63
49 26 92
25 18 91
29 65 86
3 12 31
63 3 25
51 33 56
70 37 29
41 21 42
14 73 41
26 45 68
2 35 62
68 6 48
50 75 24
45 51 79
38 10 30
3 69 3
44 8 46
31 47 62
35 16 78
57 56 22
28 27 192
42 28 176
56 42 173
58 56 324
76 28 114
80 110
63 40 17
38 8 98
7 17 100
46 23 73
68 20 87
25 57 81
10 44 83
68 49 78
2 5 87
78 6 89
54 71 75
59 24 66
25 45 83
15 4 38
21 1 74
10 72 61
77 20 64
15 18 77
45 43 91
48 52 27
31 43 88
37 26 16
19 77 59
66 16 42
45 67 79
43 75 71
18 77 95
54 2 47
4 3 54
7 34 91
4 19 83
56 31 35
44 24 56
21 13 52
55 16 61
76 70 73
64 30 86
50 2 62
65 74 76
48 62 18
29 28 5
12 58 58
1 41 58
6 33 31
45 5 3
25 51 69
71 7 40
48 56 89
53 44 70
70 38 51
7 36 22
30 7 25
62 56 10
65 37 26
73 71 39
4 27 54
65 9 5
73 8 84
52 44 66
15 67 68
5 9 12
36 9 31
27 43 1
10 12 42
29 55 84
34 14 34
8 53 17
28 33 3
61 16 3
49 71 88
39 69 47
53 34 12
76 47 32
64 24 1
53 20 49
57 67 2
64 23 96
72 8 12
26 61 81
21 31 86
23 58 64
52 3 50
79 63 49
31 13 36
63 11 41
37 80 71
58 77 45
18 54 32
15 60 33
79 49 40
11 13 55
47 54 26
1 18 95
14 6 39
49 43 50
21 76 72
71 14 3
8 71 25
28 52 88
63 74 10
58 72 3
53 22 75
23 40 6
45 32 28
26 75 28
22 60 76
20 12 92
69 17 77
35 32 148
42 32 211
80 109
61 59 68
16 71 32
3 15 36
63 75 26
32 73 52
18 7 11
4 75 83
21 32 25
53 25 1
30 6 52
11 37 22
17 42 80
38 17 26
46 23 13
56 60 58
46 69 53
41 26 59
75 29 3
2 49 14
16 31 93
42 44 7
61 19 62
26 18 25
68 26 80
55 47 86
10 62 20
37 35 22
61 10 66
80 9 23
3 37 42
78 14 65
5 25 24
4 16 89
39 63 71
44 63 42
47 44 50
28 22 15
30 39 54
50 59 40
25 26 75
67 8 19
74 55 75
58 36 18
80 31 83
56 49 14
70 14 55
65 10 17
35 76 83
10 36 5
5 80 98
58 19 15
1 69 16
32 13 42
68 55 68
78 17 36
80 40 34
45 80 24
4 30 69
43 16 54
9 74 76
78 42 12
58 76 44
58 49 45
37 2 8
17 44 71
52 30 28
65 70 44
70 38 66
24 21 87
30 56 74
73 78 42
55 6 23
79 31 12
16 66 41
39 71 74
75 76 61
60 46 93
17 80 67
3 33 13
20 18 18
29 17 64
35 72 46
68 10 91
36 4 99
80 2 58
80 37 86
41 52 64
48 49 80
50 14 68
7 77 9
69 21 58
71 34 22
47 13 6
20 11 66
74 22 84
25 80 55
18 80 29
46 28 74
71 31 72
10 51 70
30 44 99
66 57 91
48 17 97
55 66 66
12 8 459
27 12 120
54 8 244
57 27 111
64 57 46
