100 143
63 77 49
78 62 36
68 87 56
4 23 29
79 99 21
94 55 4
61 46 73
69 62 84
34 2 77
49 60 66
7 16 9
74 89 26
17 76 95
55 74 10
81 48 30
7 72 19
54 29 72
24 40 35
56 33 90
29 7 36
56 30 10
96 89 1
14 21 91
15 27 24
41 4 89
69 94 60
34 83 14
96 76 89
50 25 100
83 37 41
15 37 5
83 68 73
88 63 75
3 91 58
16 96 62
79 95 35
66 96 51
68 96 47
12 50 11
3 25 28
11 81 21
78 55 10
90 13 76
100 68 76
26 29 43
28 40 34
95 87 47
8 63 48
48 27 32
6 35 57
23 81 6
37 94 85
53 83 47
90 46 31
65 44 13
11 79 52
58 42 62
31 5 51
74 41 74
91 64 96
5 98 51
34 64 2
77 81 57
33 71 34
9 12 87
43 98 13
28 57 83
83 11 76
12 98 13
81 25 1
17 90 7
62 24 100
83 76 94
53 21 80
59 19 63
76 29 42
37 66 55
41 8 12
7 26 76
52 40 19
79 57 11
87 59 78
86 33 45
3 46 27
6 38 98
3 58 63
99 7 88
27 51 54
9 89 20
53 9 67
5 54 62
36 8 55
90 30 46
11 87 93
11 54 76
76 4 61
99 84 18
71 41 39
100 94 50
20 72 62
58 27 26
100 19 89
50 26 91
57 35 53
32 41 16
54 95 53
92 49 67
93 75 87
75 47 10
23 19 8
69 42 56
53 6 24
32 96 60
49 66 90
73 94 79
66 55 66
35 99 51
36 25 76
27 87 28
35 46 15
62 79 57
26 66 50
16 63 1
3 94 45
4 91 93
59 81 63
86 62 11
65 60 64
75 62 82
4 96 3
49 2 21
10 1 59
18 1 220
22 10 356
38 22 164
39 10 86
45 1 56
67 10 120
70 45 476
80 67 159
82 1 480
85 22 413
97 38 220
100 143
85 48 69
88 63 58
19 15 42
39 95 27
92 45 9
80 52 87
4 84 86
2 34 88
45 34 38
83 37 5
74 51 3
56 78 17
58 24 25
24 87 51
88 93 63
7 15 5
55 35 17
56 63 93
67 12 3
58 65 29
32 20 87
12 47 57
81 50 52
97 78 82
20 30 86
45 10 42
39 73 43
76 56 56
8 7 35
27 25 35
45 2 75
69 99 57
50 17 19
67 4 97
15 34 29
1 17 60
95 22 20
25 57 84
30 48 43
59 7 54
60 11 21
16 12 10
91 57 58
82 3 25
72 44 63
87 54 37
80 93 45
90 86 91
54 17 55
81 94 74
74 19 34
23 17 1
17 36 74
44 69 89
18 90 11
30 11 10
83 63 52
8 20 60
95 5 68
88 18 10
79 12 49
33 96 23
62 61 36
79 46 43
61 58 23
9 77 46
67 29 21
98 48 85
44 46 56
23 89 93
52 35 56
1 71 40
6 18 24
46 7 6
31 77 96
65 87 71
55 25 98
71 50 41
57 13 9
33 72 95
83 52 60
37 43 72
1 81 9
6 82 18
40 87 78
26 16 38
18 46 99
67 61 53
75 43 11
91 72 77
69 3 72
36 19 39
26 62 94
87 63 29
85 17 74
28 23 39
15 24 63
45 94 8
71 25 13
81 13 32
55 70 63
22 18 3
48 77 56
76 59 18
78 24 24
25 12 6
61 83 68
25 11 28
56 55 1
58 62 47
75 26 11
7 95 21
100 49 20
64 99 76
75 32 40
60 69 81
93 32 70
72 89 83
75 29 18
96 31 70
45 31 98
89 38 32
13 31 58
48 37 21
65 22 37
36 50 75
95 24 6
71 62 59
59 5 24
44 87 1
56 42 56
97 28 85
33 95 46
89 30 22
52 41 100
10 43 56
12 75 12
21 14 179
41 21 120
49 41 105
53 41 90
66 41 92
68 66 210
100 149
42 32 47
45 53 11
72 67 57
90 28 83
38 18 5
59 43 66
79 99 45
77 55 90
57 48 76
62 61 60
38 22 91
47 42 23
86 37 19
9 43 62
92 66 51
3 89 19
74 53 94
22 75 96
9 76 76
95 16 75
8 71 51
31 52 51
43 73 23
11 67 64
5 20 10
15 70 94
45 22 82
87 51 1
96 95 54
74 88 40
83 3 65
13 45 98
51 17 53
99 96 97
86 79 29
2 52 22
79 100 38
76 66 36
100 68 2
23 97 45
96 39 73
76 88 65
31 69 21
44 9 97
56 100 59
100 33 79
9 60 14
72 71 26
24 61 60
7 3 3
58 21 38
67 15 11
25 83 41
15 62 50
2 3 8
28 47 6
73 5 41
19 62 3
61 74 94
78 4 14
65 36 6
95 88 61
60 4 7
29 11 12
13 47 24
41 45 100
85 41 11
25 29 36
68 57 70
98 14 94
70 37 38
90 84 61
23 12 57
72 19 37
62 32 48
40 59 83
8 41 25
81 41 46
88 36 24
41 4 100
93 6 21
4 94 12
44 13 91
37 48 73
33 51 21
79 77 21
20 81 32
50 59 34
97 28 58
53 14 68
83 86 10
69 53 95
23 54 23
6 44 8
39 21 9
88 29 57
13 5 82
40 64 68
28 76 77
57 40 41
38 57 1
58 15 96
55 3 3
9 32 67
65 24 29
75 23 8
5 2 76
69 45 10
75 7 83
79 58 43
97 99 52
73 68 54
58 23 74
70 64 13
6 47 10
83 50 76
74 56 58
22 85 84
43 50 89
78 95 15
67 73 28
77 22 54
88 73 73
10 18 65
12 52 43
23 21 66
59 83 28
99 53 73
40 25 82
39 69 44
96 28 63
15 17 74
72 97 48
70 85 3
38 6 44
8 38 70
90 52 62
1 27 34
27 26 212
30 26 437
34 27 475
35 26 203
46 30 155
49 26 346
63 46 60
64 34 80
80 64 81
82 26 410
91 63 225
100 142
97 47 10
83 60 65
56 83 66
18 80 72
90 73 77
78 19 17
15 5 75
34 51 83
94 83 19
11 67 89
33 49 80
58 52 50
28 11 25
97 60 43
39 82 70
49 14 45
78 95 45
42 61 56
47 72 48
51 82 64
17 29 61
28 8 49
31 15 33
58 92 26
52 5 21
76 40 56
86 18 12
1 32 38
92 67 67
68 52 77
4 37 74
24 80 60
64 20 35
47 91 50
13 63 26
9 73 98
94 69 95
56 67 63
79 3 31
30 50 28
66 41 4
67 34 18
51 54 16
95 55 60
82 3 31
59 18 11
87 5 27
33 26 83
66 29 98
91 80 46
18 98 66
11 43 92
89 59 93
12 48 14
56 48 86
69 87 95
76 87 28
59 63 96
66 15 17
66 10 65
98 51 19
29 9 3
21 7 64
94 48 64
60 4 14
83 52 67
40 13 33
94 78 81
97 76 99
75 6 81
85 62 22
69 56 81
41 49 13
49 38 64
82 40 44
54 90 75
83 3 28
79 74 75
31 67 36
52 1 96
65 57 56
43 47 99
32 71 8
2 34 87
53 24 16
58 27 38
66 67 5
15 45 19
26 64 46
45 33 63
65 46 42
18 11 49
99 40 5
80 31 77
86 75 25
88 26 97
4 10 91
49 37 82
36 15 6
17 53 23
50 46 74
76 49 24
99 93 34
10 44 40
10 96 96
20 62 49
20 25 92
16 65 81
33 66 45
33 7 84
46 68 45
21 95 7
43 99 72
74 41 79
64 86 93
77 66 16
5 17 57
27 6 13
9 63 13
63 86 26
4 38 25
47 71 55
99 86 21
63 30 71
31 37 74
85 18 98
54 82 51
96 15 38
76 5 56
43 96 49
7 72 3
71 66 80
97 49 76
98 23 59
46 38 53
23 22 547
35 22 203
61 23 142
70 23 204
81 70 219
84 22 96
100 81 563
100 136
51 29 33
6 36 77
45 81 20
82 50 65
66 83 60
51 74 68
7 79 27
36 85 2
97 71 84
62 57 45
83 31 100
99 73 55
85 15 36
64 61 74
43 60 40
69 54 33
70 59 72
51 7 46
11 83 18
84 3 5
19 76 76
24 48 25
30 32 9
14 46 72
56 22 87
33 28 67
84 67 99
89 51 59
50 48 62
88 36 18
94 54 23
38 58 44
10 46 13
72 58 26
2 41 91
21 98 88
45 27 23
95 84 27
64 30 97
19 12 71
23 11 40
21 88 86
51 71 75
91 21 97
62 78 16
35 27 49
24 77 57
73 18 67
80 97 61
78 40 39
73 46 58
20 17 34
28 17 98
49 67 83
86 42 74
7 72 54
24 14 6
36 82 74
97 90 10
14 52 94
23 31 35
95 87 68
65 37 69
66 12 22
78 63 32
91 97 20
3 30 50
14 79 49
61 34 96
75 4 87
76 54 14
55 72 65
60 25 49
86 27 78
87 66 40
71 12 44
93 34 52
92 37 98
76 49 54
36 100 100
60 11 34
82 28 84
31 36 30
59 64 26
8 69 30
58 84 94
73 17 72
40 71 2
56 80 51
50 72 33
7 53 18
39 26 5
52 21 59
35 75 99
98 89 36
48 53 24
42 32 35
61 21 84
96 63 17
81 20 13
27 32 23
57 18 37
68 33 93
24 41 76
74 7 29
29 74 70
19 4 63
23 90 33
78 97 70
57 99 99
34 78 9
93 58 62
54 67 67
63 99 37
4 1 80
97 72 21
78 58 57
9 12 17
19 39 63
43 85 11
54 31 51
95 22 40
40 17 79
60 22 91
14 22 81
86 91 81
36 17 86
94 22 99
66 40 71
84 2 6
13 5 171
16 13 315
26 13 485
37 13 276
44 37 406
47 13 93
100 131
66 76 75
54 5 87
76 19 60
35 58 17
83 68 30
39 31 63
3 64 33
62 57 83
54 2 39
56 45 61
2 36 71
66 27 47
97 98 91
52 40 83
22 21 24
52 28 7
45 31 24
14 78 88
78 80 19
82 56 14
38 7 20
4 44 79
80 98 89
69 30 95
33 9 98
93 20 1
13 97 93
99 11 32
2 99 81
33 27 21
59 14 72
41 15 22
27 9 47
81 67 10
63 73 65
55 47 98
41 62 59
93 9 84
76 33 84
44 50 87
10 15 22
55 1 86
43 82 39
55 45 11
84 1 15
71 85 34
87 10 27
98 3 58
93 24 91
10 94 100
28 13 1
67 52 31
52 32 87
21 11 24
18 34 4
71 90 94
97 94 11
81 40 61
42 54 49
98 23 25
84 61 27
87 41 21
1 19 13
58 75 20
35 96 24
34 19 73
16 73 38
3 91 65
83 97 93
83 99 2
86 98 35
21 49 57
94 66 82
16 24 97
64 17 39
39 48 54
63 33 96
12 41 52
5 50 22
74 48 34
78 34 8
2 27 72
24 99 42
54 1 98
68 13 39
27 8 12
49 76 46
32 53 39
67 63 19
43 6 23
28 16 49
81 18 62
24 51 26
4 88 18
51 93 52
80 29 15
21 20 12
30 64 70
30 51 36
97 34 37
60 68 18
64 5 53
75 9 68
68 56 9
23 40 25
33 6 49
25 88 56
89 14 43
13 100 91
6 54 22
81 4 99
84 74 97
81 73 72
26 100 18
82 73 51
60 36 5
25 98 95
44 86 94
47 31 98
4 60 94
37 7 103
46 37 286
65 46 433
70 65 293
72 46 28
77 65 309
79 7 432
90 46 260
92 37 428
95 46 233
100 92 501
100 128
93 51 100
82 52 88
45 90 48
13 22 66
19 47 84
26 80 4
20 87 82
79 32 20
65 79 75
3 43 50
73 77 37
8 19 37
83 40 36
91 54 90
24 96 39
38 23 15
54 92 50
67 65 29
45 64 94
89 68 88
36 8 32
47 53 26
1 100 99
74 54 81
20 18 22
77 38 57
96 61 45
37 65 77
16 68 10
99 69 65
58 23 60
94 69 5
32 16 5
13 67 37
19 6 45
73 53 97
48 60 91
66 3 3
3 7 56
57 38 71
57 88 36
26 18 28
83 48 91
95 39 83
29 65 40
89 7 2
96 72 41
94 50 15
5 93 8
78 44 43
5 18 88
73 70 48
15 85 2
46 94 86
55 14 27
24 56 5
76 94 43
23 89 100
19 5 75
87 3 46
42 71 48
55 68 81
9 73 27
65 15 93
29 22 14
9 10 63
35 80 70
12 31 96
35 74 66
87 29 2
56 64 80
37 98 46
30 12 44
17 30 30
73 27 36
42 91 6
58 29 37
17 98 61
7 40 60
67 89 56
31 34 47
18 27 28
79 71 90
73 11 28
39 57 88
70 74 95
39 40 90
52 55 40
51 48 64
72 44 59
46 1 26
87 25 47
94 19 12
58 18 40
57 1 61
89 65 85
79 63 92
72 85 47
62 36 34
75 83 100
28 45 83
53 38 100
63 51 59
7 51 14
67 83 24
79 84 79
47 41 88
38 30 69
4 16 27
77 76 73
99 24 1
22 89 19
4 9 71
2 94 96
51 14 55
61 78 18
42 97 10
23 33 73
6 85 33
11 42 10
73 65 22
97 75 43
64 32 37
33 21 192
49 33 441
59 49 477
81 49 282
86 59 321
100 139
27 93 76
9 34 54
11 55 23
26 20 25
59 17 98
86 12 52
60 89 79
22 25 45
82 41 59
56 90 71
78 39 79
43 36 56
4 67 39
39 20 23
71 93 4
42 20 67
67 51 73
77 49 91
82 74 52
1 16 90
12 57 99
85 15 1
65 72 23
53 4 73
20 23 95
44 26 74
69 91 84
50 23 26
72 48 13
36 21 34
10 12 51
98 47 75
58 55 17
8 65 56
98 5 40
28 65 46
88 54 17
100 2 30
92 7 62
19 96 23
37 54 26
56 89 34
93 44 93
78 5 57
45 20 84
38 91 64
46 38 61
84 8 55
85 17 16
34 75 98
11 52 77
23 68 66
89 37 51
52 66 20
92 50 24
21 27 1
81 29 83
65 100 38
54 47 93
92 57 56
41 75 76
30 80 19
96 59 92
43 99 84
52 18 64
28 8 99
63 45 79
13 47 50
98 83 2
22 83 47
21 3 74
40 78 86
42 100 86
95 48 56
54 12 51
93 23 71
48 27 96
47 16 82
25 86 97
90 6 80
2 59 42
7 29 51
40 44 60
12 37 69
56 77 72
35 28 43
26 66 37
79 70 6
48 86 56
76 85 93
20 50 62
86 34 43
75 95 55
15 89 78
66 53 56
72 40 42
42 18 85
41 53 56
28 15 63
92 37 29
88 91 1
16 4 2
2 28 23
28 19 68
13 37 46
97 1 42
51 12 45
16 28 33
54 42 80
80 61 84
52 45 53
59 98 33
50 65 66
100 94 77
47 30 19
22 20 38
50 54 19
39 18 39
74 92 94
61 82 53
31 60 72
15 58 91
9 41 4
70 97 65
14 19 79
65 11 63
100 63 48
76 22 85
11 82 51
37 64 90
42 76 68
81 15 81
22 57 25
52 62 16
32 24 190
33 24 69
62 32 311
73 62 640
87 33 418
100 139
21 77 77
58 8 49
15 1 98
6 11 87
15 5 24
27 95 27
9 90 75
59 65 32
30 75 37
68 3 36
50 73 39
54 80 37
24 65 34
9 17 48
79 27 20
87 100 76
61 60 78
42 45 98
3 95 76
18 16 46
70 74 74
73 96 38
30 52 81
8 97 41
87 79 39
1 12 68
66 78 64
45 83 70
17 45 53
6 47 27
49 78 45
78 60 4
6 90 42
91 80 96
80 98 3
48 13 13
7 62 30
67 71 5
2 21 37
8 50 54
78 93 2
79 39 72
28 69 56
100 66 93
52 92 74
87 1 97
51 58 46
2 87 79
26 100 88
68 87 11
84 99 42
48 52 23
93 97 81
9 14 61
88 27 26
81 32 57
98 7 15
85 100 69
87 93 17
18 28 38
6 26 93
76 97 84
70 39 73
7 81 72
25 94 97
48 85 89
86 28 21
87 95 73
65 93 32
62 13 83
48 84 94
41 74 58
6 29 74
49 41 7
70 81 12
89 53 73
45 97 56
95 6 79
92 19 38
19 43 46
93 15 6
82 48 61
38 96 50
7 42 65
25 86 49
33 43 100
16 37 50
33 86 63
6 93 5
47 70 8
28 44 14
2 35 31
59 36 23
47 15 42
27 86 71
31 46 21
5 73 42
99 39 48
68 72 72
45 39 82
32 79 64
67 92 12
35 47 39
4 26 53
9 97 29
96 88 67
46 34 29
45 14 12
76 72 75
35 87 24
64 85 74
76 21 43
51 79 94
80 75 14
43 14 28
56 87 86
29 20 62
27 25 97
95 56 27
87 98 38
50 59 24
28 58 95
75 43 58
59 44 11
45 7 26
3 81 11
10 45 35
22 35 47
14 40 25
15 7 37
49 15 73
36 31 69
30 59 16
86 13 31
34 23 282
53 34 161
55 23 502
57 23 136
63 53 49
100 139
47 18 10
21 43 94
35 34 96
88 38 20
12 49 9
100 23 14
10 48 87
92 12 1
80 77 4
75 23 22
3 25 77
97 9 13
30 8 15
35 90 39
9 41 92
23 51 52
86 83 45
13 60 12
40 34 84
83 19 2
88 82 38
81 78 67
21 33 29
67 29 2
21 83 31
96 61 43
25 83 67
28 16 94
16 88 23
9 43 40
88 81 17
5 53 63
93 32 19
57 50 65
13 12 10
93 6 39
5 23 5
90 91 12
73 31 79
85 1 51
34 29 9
28 12 84
6 78 85
94 1 80
92 61 86
47 73 94
82 89 24
56 83 90
77 20 43
64 17 52
42 41 99
38 17 18
27 73 16
82 61 4
6 20 43
24 95 7
48 36 57
67 52 78
69 29 13
93 54 69
91 100 82
77 95 75
49 16 16
44 95 92
20 75 21
69 78 95
46 32 79
9 74 42
82 22 23
81 79 48
64 91 88
100 42 92
15 54 21
19 30 1
97 95 84
79 70 24
91 94 84
39 6 45
71 75 73
79 67 87
96 67 92
93 58 70
62 53 49
20 49 100
67 53 19
98 76 74
78 2 25
36 31 100
9 76 39
19 18 72
98 4 34
1 61 75
82 65 52
85 87 43
3 14 51
12 88 55
38 40 26
50 42 34
92 14 49
28 7 15
12 78 30
70 60 74
92 35 69
28 98 92
25 8 53
76 67 22
89 98 42
90 11 35
62 55 86
52 73 24
84 48 34
19 78 90
94 87 9
43 59 20
53 92 8
91 45 80
80 7 24
100 22 61
95 82 58
97 53 35
86 41 52
89 32 40
58 43 43
40 70 57
7 83 80
39 26 44
94 2 9
80 45 39
64 35 24
70 57 52
23 25 2
88 30 48
17 63 46
12 32 11
63 37 468
66 63 112
68 66 306
72 66 413
99 63 428
