0  "CHE"
1  "LEI"
2  "ADH"
3  "DRE"
4  "GSI"
5  "HEI"
6  "JEN"
7  "ILM"
8  "DeCix"
9  "Geant"
10  "FZK"
11  "STU"
12  "DeCix"
13  "Telia"
14  "BIE"
15  "Telekom"
16  "GOE"
17  "BRE"
18  "WUP"
19  "BIR"
20  "BON"
21  "MAR"
22  "GIE"
23  "KAS"
24  "PAD"
25  "EWE"
26  "Telekom"
27  "MUE"
28  "SAA"
29  "GC"
30  "DES"
31  "HAM"
32  "KIE"
33  "ROS"
34  "MAG"
35  "BRA"
36  "KAI"
37  "GRE"
38  "DOR"
39  "BOC"
40  "FHM"
41  "REG"
42  "AUG"
43  "GAR"
44  "DUI"
45  "FZJ"
46  "AAC"
47  "WUE"
48  "TUB"
49  "HUB"
50  "HAN"
51  "FRA"
52  "POT"
53  "ERL"
54  "BAY"
55  "FFO"
56  "ZIB"
57  "ZEU"
-1
0 1 1
0 3 1
1 53 1
1 6 1
1 15 1
2 56 1
2 49 1
3 52 1
3 53 1
4 51 1
4 5 1
5 10 1
6 7 1
7 53 1
8 51 1
9 51 1
10 51 1
10 11 1
10 36 1
11 43 1
12 52 1
13 52 1
14 24 1
14 50 1
14 27 1
16 50 1
16 23 1
17 25 1
17 50 1
17 31 1
18 19 1
18 38 1
19 51 1
19 20 1
20 46 1
21 22 1
21 23 1
22 51 1
23 24 1
25 27 1
26 50 1
27 44 1
28 51 1
28 36 1
29 51 1
30 48 1
30 31 1
32 33 1
32 50 1
33 50 1
33 37 1
34 35 1
34 52 1
35 50 1
36 51 1
37 52 1
38 39 1
39 44 1
40 41 1
40 43 1
41 53 1
42 43 1
42 53 1
43 51 1
44 50 1
44 45 1
45 46 1
46 51 1
47 51 1
47 53 1
48 56 1
48 49 1
48 52 1
48 57 1
50 51 1
50 52 1
50 53 1
50 55 1
51 52 1
51 53 1
52 53 1
52 54 1
52 55 1
52 56 1
53 54 1
55 56 1
56 57 1