0  "Svizzera"
1  "CA"
2  "Global Crossing"
3  "GEANT"
4  "CA-1"
5  "NAMEX"
6  "AQ-1"
7  "SS"
8  "RM-1"
9  "PG"
10  "CZ"
11  "TIX"
12  "BO"
13  "MI-3"
14  "VSIX"
15  "TS-1"
16  "NA"
17  "ME"
18  "CS"
19  "CT"
20  "PA"
21  "EUMED CONNECT"
22  "MIX    "
23  "TELIA"
24  "FUC"
25  "FI"
26  "Fi"
27  "VE"
28  "PD"
29  "MI-1"
30  "TN"
31  "MI-2"
32  "MI-4"
33  "GE"
34  "TO"
35  "SA"
36  "PZ"
37  "CB"
38  "FRA"
39  "AQ"
40  "AN"
41  "MT"
42  "LE"
43  "BA"
44  "FG"
45  "Google"
46  "GEANT"
47  "BS"
48  "TO-PIX"
49  "RM-2"
50  "CO"
51  "Fe"
52  "Pv"
53  "PI"
54  "Ur"
-1
0 29 10
1 4 1
2 29 5
3 31 2.5
4 8 2.5
4 7 0.622
4 49 2.5
5 49 13
6 49 0.155
6 39 0.034
8 38 2.5
8 39 0.622
8 40 0.155
8 9 0.155
8 49 1
8 49 1
8 19 2.5
10 18 0.1
11 25 1
12 40 1
12 43 2.5
12 49 10
12 51 0.155
12 51 1
12 25 2.5
12 28 2.5
12 29 10
12 29 10
13 31 1
13 52 1
13 29 1
13 30 0.155
13 30 0.155
13 47 1
14 28 1
15 50 2.5
15 28 0.155
16 49 2.5
16 19 2.5
16 37 0.034
16 35 0.155
16 35 0.155
16 43 2.5
17 19 0.155
18 19 0.155
19 20 0.622
19 21 1
22 31 4
23 31 5
24 49 0.034
25 26 0.034
25 53 2.5
27 28 0.622
28 29 2.5
29 46 10
29 50 1
29 31 10
31 32 1
31 33 0.155
31 34 2.5
31 45 2
31 49 10
31 50 2.5
32 50 1
33 53 0.155
34 48 1
34 53 2.5
36 43 0.622
38 49 2.5
40 54 0.622
41 43 0.622
42 43 0.622
43 44 0.155
49 53 2.5
