0  "Svizzera"
1  "CA"
2  "Global Crossing"
3  "GEANT"
4  "CA-1"
5  "NAMEX"
6  "AQ-1"
7  "SS"
8  "RM-1"
9  "PG"
10  "CZ"
11  "TIX"
12  "BO"
13  "MI-3"
14  "VSIX"
15  "TS-1"
16  "NA"
17  "ME"
18  "CS"
19  "CT"
20  "PA"
21  "EUMED CONNECT"
22  "MIX"
23  "TELIA"
24  "FUC"
25  "FI"
26  "Fi"
27  "PD-2"
28  "VE"
29  "PD"
30  "MI-1"
31  "TN"
32  "MI-2"
33  "MI-4"
34  "GE"
35  "TO"
36  "SA"
37  "PZ"
38  "CB"
39  "FRA"
40  "AQ"
41  "AN"
42  "MT"
43  "LE"
44  "BA"
45  "FG"
46  "Google"
47  "GEANT"
48  "BS"
49  "TO-PIX"
50  "RM-2"
51  "CO"
52  "Fe"
53  "Pv"
54  "PI"
55  "Ur"
-1
0 30 10
1 4 1
2 30 5
3 32 2.5
4 8 2.5
4 50 2.5
4 7 0.622
5 50 13
6 40 0.034
6 50 0.155
8 39 2.5
8 40 0.622
8 9 0.155
8 50 1
8 50 1
8 19 2.5
8 41 0.155
10 18 0.1
11 25 1
12 41 1
12 44 2.5
12 50 10
12 52 0.155
12 52 1
12 25 2.5
12 29 2.5
12 30 1
12 30 10
12 30 10
13 48 1
13 32 1
13 53 1
13 30 1
13 31 0.155
13 31 0.155
14 29 1
15 51 2.5
15 29 0.155
16 44 2.5
16 50 2.5
16 19 2.5
16 36 0.155
16 36 0.155
16 38 0.034
17 19 0.155
18 19 0.155
19 20 0.622
19 21 1
22 32 4
23 32 5
24 50 0.034
25 26 0.034
25 54 2.5
27 29 1
28 29 0.622
29 30 2.5
30 32 10
30 47 20
30 51 1
32 33 1
32 34 0.155
32 51 2.5
32 46 2
32 50 10
32 35 2.5
33 51 1
34 54 0.155
35 49 1
35 54 2.5
37 44 0.622
39 50 2.5
41 55 0.622
42 44 0.622
43 44 0.622
44 45 0.155
50 54 2.5
