0  "Ntt"
1  "Washington DC"
2  "Miami"
3  "Atlanta"
4  "New York City"
5  "Geneva"
6  "Frankfurt"
7  "Paris"
8  "Madrid"
9  "Dusseldorf"
10  "Amsterdam"
11  "Cairo"
12  "Ar Riyad"
13  "Chennai"
14  "Colombo"
15  "Bangkok"
16  "Ho Chi Minh"
17  "Brunei"
18  "Lagos"
19  "Johannesburg"
20  "Cape Town"
21  "Seoul"
22  "Dubai"
23  "Beijing"
24  "Shanghai"
25  "London"
26  "Wellington"
27  "Mountain View"
28  "Mumbai"
29  "Rangoon"
30  "Hong Kong"
31  "Tokyo"
32  "Osaka"
33  "Warsaw"
34  "Macau"
35  "Hanoi"
36  "Manila"
37  "Tapei"
38  "Dallas"
39  "Houston"
40  "Kuala Lumpur"
41  "Singapore"
42  "Jakarta"
43  "Sydney"
44  "San Jose"
45  "Los Angeles"
46  "Seattle"
47  "Chicago"
0 1
0 1
0 1
0 1
0 2
0 2
0 3
0 3
0 3
0 3
0 3
0 3
0 37
0 37
0 37
0 37
0 9
0 9
0 9
0 43
0 43
0 43
0 43
0 43
0 44
0 44
0 44
0 44
0 44
0 45
0 45
1 2
1 2
1 37
1 37
1 37
2 37
2 37
3 24
3 24
3 24
3 45
3 45
3 46
3 46
3 46
4 5
4 5
4 6
4 6
5 24
5 24
5 24
5 8
5 8
5 32
5 32
5 9
5 9
5 9
6 24
6 24
6 9
6 9
7 24
7 9
8 9
8 9
9 30
9 30
9 30
9 30
9 30
9 30
13 40
20 30
20 30
20 30
20 31
24 40
24 31
24 31
24 31
26 43
28 39
29 40
29 40
29 35
29 36
29 36
29 36
29 30
29 30
29 30
29 30
29 30
29 31
29 31
29 31
29 31
29 31
30 34
30 35
30 36
30 36
30 36
30 40
30 40
30 40
30 40
30 40
30 40
30 40
30 42
30 42
30 43
30 43
30 43
30 43
30 43
30 43
30 43
30 43
30 43
30 44
30 44
30 44
30 44
30 44
30 44
30 44
30 44
30 44
30 44
30 44
30 45
30 45
30 45
30 45
30 45
30 31
30 31
30 31
30 31
30 31
30 31
30 31
30 31
30 31
30 31
30 31
30 31
30 31
30 31
31 40
31 40
31 40
31 43
31 43
31 43
31 43
31 43
31 43
31 43
31 43
31 44
31 44
31 44
31 44
31 44
31 44
31 44
31 45
31 45
31 45
31 45
31 45
37 38
37 43
37 43
37 43
37 43
37 43
37 44
37 44
37 44
37 44
37 44
37 46
37 46
37 46
38 44
39 40
39 40
40 41
40 41
40 41
40 41
40 41
42 43
42 43
42 43
43 44
43 44
43 44
43 44
43 45
43 45
43 45
43 45
43 46
43 46
43 46
45 46
45 46
45 46
