70 1 -inf
70 2 -0.0749972
70 3 0.0195796
70 4 0.111047
70 5 0.0706474
70 6 0.0156489
70 7 0.00588083
70 8 0.038419
70 9 0.0271769
70 10 0.00500347
70 11 0.00370163
70 12 0.00245356
70 13 0.0092059
70 14 0.0173062
70 15 0.0125586
70 16 0.0074556
70 17 0.00677517
70 18 0.000222436
70 19 0.0171314
70 20 0.00158455
70 21 0.00929565
70 22 0.0105271
70 23 0.00493408
70 24 0.0024018
70 25 0.0073004
70 26 0.00641527
70 27 0.00716535
70 28 0.0100722
70 29 0.00865246
70 30 0.0027477
70 31 0.00429498
70 32 0.00374379
70 33 0.000245078
70 34 0.00277823
70 35 0.00393314
70 36 0.00633432
70 37 0.00248365
70 38 0.000995933
70 39 0.00108
70 40 0.000998004
70 41 0.0021645
70 42 0.00125146
70 43 0.00501211
70 44 0.00277055
70 45 0.00353595
70 46 0.00768841
70 47 0.00349085
70 48 0.00410116
70 49 0.00283116
70 50 0.00533425
70 51 0.00294092
70 52 0.00381713
70 53 0.000609597
70 54 0.00243987
70 55 0.0030573
70 56 0.000525716
70 57 0.000438327
70 58 0
70 59 0
70 60 0
70 61 8.77039e-005
70 62 0
70 63 0
70 64 0
70 65 0
70 66 8.77116e-005
70 67 8.77193e-005
70 68 0
70 69 8.7727e-005
70 70 8.77347e-005
80 1 -0.558656
80 2 -0.164946
80 3 0.124271
80 4 0.0158141
80 5 0.0817551
80 6 0.014979
80 7 0.00871666
80 8 0.00984468
80 9 0.017858
80 10 0.0295838
80 11 0.00653264
80 12 0.00285452
80 13 0.00746345
80 14 0.00715904
80 15 0.00850755
80 16 0.0105164
80 17 0.00200931
80 18 0.012345
80 19 0.0121238
80 20 0.0127613
80 21 0.00616062
80 22 0.046491
80 23 0.00725563
80 24 0.00695784
80 25 0.00747763
80 26 0.00480513
80 27 0.00542442
80 28 0.00761163
80 29 0.00809276
80 30 0.00395762
80 31 0.00348432
80 32 0.00325113
80 33 0.00400025
80 34 0.00556105
80 35 0.00490866
80 36 0.00349672
80 37 0.00369697
80 38 0.00540881
80 39 0.00518528
80 40 0.000127129
80 41 0.00228862
80 42 0.00293106
80 43 0.00121421
80 44 0.00377503
80 45 0.000449583
80 46 0.00122084
80 47 0.000128667
80 48 0.000257367
80 49 0.00341099
80 50 0.00264772
80 51 0.000647501
80 52 0.000518336
80 53 0.000194477
80 54 0.00155612
80 55 0.000389636
80 56 0.00376795
80 57 0.00221715
80 58 0.00215672
80 59 0.000327482
80 60 0.00452074
80 61 0.00388311
80 62 0
80 63 0
80 64 0
80 65 0
80 66 0
80 67 6.6072e-005
80 68 0
80 69 6.60764e-005
80 70 6.60808e-005
80 71 6.60851e-005
80 72 0
80 73 6.60895e-005
80 74 6.60939e-005
80 75 0
80 76 6.60982e-005
80 77 6.61026e-005
80 78 6.6107e-005
80 79 0
80 80 6.61113e-005
