AVG DEGREE: 2.47059
Td: 2
CLUSTER HEADS: 16 12 5
1 3 2.33333 6.18519
2 3 1.5 5.18519
3 3 1.83333 5.88889
4 1 4.14286 4.42105
5 3 1.33333 4.85185
6 3 2.16667 4.03704
7 3 1.66667 5.48148
8 3 1.83333 5.07407
9 2 3.45455 5.13636
10 2 3.45455 4.31818
11 2 2.54545 4.81818
12 2 2 4.5
13 2 2.90909 4
14 1 3.35714 3.26316
15 1 3.21429 4.31579
16 1 2.42857 3.84211
17 1 3.07143 4.26316
18 2 2.18182 5.04545
19 2 2.54545 5.09091
20 2 2.90909 5.13636
21 1 3.92857 4.15789
22 1 3.57143 4.36842
23 2 2.90909 4.86364
24 2 2.45455 5.22727
25 2 3.36364 6.22727
26 2 3.81818 5.13636
27 1 3.42857 5.57895
28 1 2.35714 4.73684
29 1 2.85714 5.31579
30 1 3.21429 5.63158
31 1 3.92857 6.57895
32 1 3.71429 6.63158
33 1 3.35714 6.31579
34 1 2.85714 5.73684
CONTROLLERS: 16 12 5
MLATENCY: 6.31551
