70 2 -0.0749972
70 3 -0.0269746
70 4 0.0210295
70 5 0.0323197
70 6 0.0285809
70 7 0.0246575
70 8 0.0258115
70 9 0.0253683
70 10 0.0229928
70 11 0.020987
70 12 0.0192554
70 13 0.0182554
70 14 0.0178908
70 15 0.0173013
70 16 0.0165245
70 17 0.0158102
70 18 0.01489
70 19 0.0147736
70 20 0.0140572
70 21 0.013695
70 22 0.0134069
70 23 0.0129586
70 24 0.0124698
70 25 0.0121672
70 26 0.0118622
70 27 0.0115998
70 28 0.0114307
70 29 0.0112361
70 30 0.0109136
70 31 0.0106477
70 32 0.0103864
70 33 0.010067
70 34 0.00981903
70 35 0.00960843
0
