AVG DEGREE: 2.47059
Td: 1
CLUSTER HEADS: 16 12 5 2 28
1 4 1.66667 5.86667
2 4 1 4.86667
3 4 1.66667 5.5
4 4 1.66667 4.56667
5 3 1 4.53333
6 3 1.66667 3.9
7 3 1.33333 5.13333
8 3 1.33333 4.8
9 2 3.45455 5.13636
10 2 3.45455 4.31818
11 2 2.54545 4.81818
12 2 2 4.5
13 2 2.90909 4
14 1 2.4 3.46429
15 1 2.4 4.10714
16 1 1.6 3.53571
17 1 1.6 4.14286
18 2 2.18182 5.04545
19 2 2.54545 5.09091
20 2 2.90909 5.13636
21 1 2.8 4.28571
22 1 2 4.39286
23 2 2.90909 4.86364
24 2 2.45455 5.22727
25 2 3.36364 6.22727
26 2 3.81818 5.13636
27 5 2.28571 5.30769
28 5 2.28571 4.11538
29 5 2.28571 4.80769
30 5 2.28571 5.23077
31 5 2.28571 6.30769
32 5 2.28571 6.23077
33 5 2.28571 5.80769
34 5 2.28571 5.11538
CONTROLLERS: 16 12 5 2 28
MLATENCY: 6.09982
